Query_ID	Target_ID	Optimal_offset	p-value	E-value	q-value	Overlap	Query_consensus	Target_consensus	Orientation
13601_3292_1.7359_0.8694	MA0068.1	-49	7.72083e-08	7.80576e-05	0.000156115	30	CCCTCGCACGGCAATCTTTTCTCTTTTTATCAGATAAGATATTATAGAAAGAACTTAACTTATAGATCAGCAGGTAACCCTGTTCTTATCTGATCTTATTAGATCTTATCATATAAGATTATCTGATATTATATAACTTCATAGATAAGACAGAGCGGGGTGC	GAAAAATTTCCCATACTCCACTCCCCCCCC	+

# Tomtom (Motif Comparison Tool): Version 5.1.0 compiled on Oct  9 2020 at 08:11:46
# The format of this file is described at http://meme-suite.org//doc/tomtom-output-format.html.
# tomtom -no-ssc -thresh 0.01 -o result/x11873/x11873.out result/x11873/x11873.meme ../../../JASPAR2020.txt
