Query_ID	Target_ID	Optimal_offset	p-value	E-value	q-value	Overlap	Query_consensus	Target_consensus	Orientation
2645_7640_16.6268_16.2052	MA0139.1	-32	1.90866e-09	1.92966e-06	3.82122e-06	19	GTCCCCCGATGCGTGGCTAATTTTTGGGGCTATAGCGCCCCCTAGTGGTGAAAAGGGGGAATGCCCCCCCCC	TAGCGCCCCCTGGTGGCCA	-
2645_7640_16.6268_16.2052	MA1102.1	-33	4.24405e-07	0.000429074	0.000424838	14	GTCCCCCGATGCGTGGCTAATTTTTGGGGCTATAGCGCCCCCTAGTGGTGAAAAGGGGGAATGCCCCCCCCC	GGTGCCCCCTGGTG	-
2645_7640_16.6268_16.2052	MA0068.1	2	2.48556e-06	0.0025129	0.00165873	28	GTCCCCCGATGCGTGGCTAATTTTTGGGGCTATAGCGCCCCCTAGTGGTGAAAAGGGGGAATGCCCCCCCCC	GGGGGGGGAGTGGAGTATTGGAAATTTTTC	-
2645_7640_16.6268_16.2052	MA1102.2	-34	5.41551e-06	0.00547508	0.00271052	12	GTCCCCCGATGCGTGGCTAATTTTTGGGGCTATAGCGCCCCCTAGTGGTGAAAAGGGGGAATGCCCCCCCCC	GCGCCCCCTGCT	-
2645_7640_16.6268_16.2052	MA0116.1	-36	0.000115193	0.116461	0.0356729	15	GTCCCCCGATGCGTGGCTAATTTTTGGGGCTATAGCGCCCCCTAGTGGTGAAAAGGGGGAATGCCCCCCCCC	GGCACCCAGGGGTGC	+
2645_7640_16.6268_16.2052	MA0751.1	-35	0.000124728	0.1261	0.0356729	15	GTCCCCCGATGCGTGGCTAATTTTTGGGGCTATAGCGCCCCCTAGTGGTGAAAAGGGGGAATGCCCCCCCCC	GACCCCCCGCTGTGC	+
2645_7640_16.6268_16.2052	MA1548.1	-33	0.000563015	0.569208	0.125242	10	GTCCCCCGATGCGTGGCTAATTTTTGGGGCTATAGCGCCCCCTAGTGGTGAAAAGGGGGAATGCCCCCCCCC	TGGGCCCCCT	+
2645_7640_16.6268_16.2052	MA1578.1	-37	0.00165704	1.67527	0.331747	10	GTCCCCCGATGCGTGGCTAATTTTTGGGGCTATAGCGCCCCCTAGTGGTGAAAAGGGGGAATGCCCCCCCCC	CCCCCCACTT	+

# Tomtom (Motif Comparison Tool): Version 5.1.0 compiled on Oct  9 2020 at 08:11:46
# The format of this file is described at http://meme-suite.org//doc/tomtom-output-format.html.
# tomtom -no-ssc -o result/x2645/x2645.out result/x2645/x2645.meme ../../JASPAR2020.txt
