Query_ID	Target_ID	Optimal_offset	p-value	E-value	q-value	Overlap	Query_consensus	Target_consensus	Orientation
7661_3968_11.2624_5.7219	MA0139.1	-116	2.92133e-10	2.95346e-07	5.88964e-07	19	GGGGGGGGGGGGCCCGGCCCCGCGCGGGGGGGGGGGGGGGCGACATAAAAAAAAGCGGGGGTACGCCGGCGGGAGGCGGGCGCCCCCGCCGCCCCGGTGTTGGCAAAATGGGGCTCTAGCGCCCCCTAGTGGGGGGGGGGGGGG	TAGCGCCCCCTGGTGGCCA	-
7661_3968_11.2624_5.7219	MA0068.1	-28	1.29255e-07	0.000130677	0.000130295	30	GGGGGGGGGGGGCCCGGCCCCGCGCGGGGGGGGGGGGGGGCGACATAAAAAAAAGCGGGGGTACGCCGGCGGGAGGCGGGCGCCCCCGCCGCCCCGGTGTTGGCAAAATGGGGCTCTAGCGCCCCCTAGTGGGGGGGGGGGGGG	GGGGGGGGAGTGGAGTATTGGAAATTTTTC	-
7661_3968_11.2624_5.7219	MA1102.1	-117	1.62052e-06	0.00163835	0.000816776	14	GGGGGGGGGGGGCCCGGCCCCGCGCGGGGGGGGGGGGGGGCGACATAAAAAAAAGCGGGGGTACGCCGGCGGGAGGCGGGCGCCCCCGCCGCCCCGGTGTTGGCAAAATGGGGCTCTAGCGCCCCCTAGTGGGGGGGGGGGGGG	GGTGCCCCCTGGTG	-
7661_3968_11.2624_5.7219	MA1102.2	-118	2.10729e-05	0.0213047	0.00849693	12	GGGGGGGGGGGGCCCGGCCCCGCGCGGGGGGGGGGGGGGGCGACATAAAAAAAAGCGGGGGTACGCCGGCGGGAGGCGGGCGCCCCCGCCGCCCCGGTGTTGGCAAAATGGGGCTCTAGCGCCCCCTAGTGGGGGGGGGGGGGG	GCGCCCCCTGCT	-
7661_3968_11.2624_5.7219	MA1578.1	-134	8.75838e-05	0.0885472	0.0294293	10	GGGGGGGGGGGGCCCGGCCCCGCGCGGGGGGGGGGGGGGGCGACATAAAAAAAAGCGGGGGTACGCCGGCGGGAGGCGGGCGCCCCCGCCGCCCCGGTGTTGGCAAAATGGGGCTCTAGCGCCCCCTAGTGGGGGGGGGGGGGG	AAGTGGGGGG	-
7661_3968_11.2624_5.7219	MA0116.1	-120	0.00067984	0.687318	0.171327	15	GGGGGGGGGGGGCCCGGCCCCGCGCGGGGGGGGGGGGGGGCGACATAAAAAAAAGCGGGGGTACGCCGGCGGGAGGCGGGCGCCCCCGCCGCCCCGGTGTTGGCAAAATGGGGCTCTAGCGCCCCCTAGTGGGGGGGGGGGGGG	GGCACCCAGGGGTGC	+
7661_3968_11.2624_5.7219	MA0751.1	-119	0.00067984	0.687318	0.171327	15	GGGGGGGGGGGGCCCGGCCCCGCGCGGGGGGGGGGGGGGGCGACATAAAAAAAAGCGGGGGTACGCCGGCGGGAGGCGGGCGCCCCCGCCGCCCCGGTGTTGGCAAAATGGGGCTCTAGCGCCCCCTAGTGGGGGGGGGGGGGG	GACCCCCCGCTGTGC	+
7661_3968_11.2624_5.7219	MA0516.1	-131	0.00116963	1.1825	0.232272	13	GGGGGGGGGGGGCCCGGCCCCGCGCGGGGGGGGGGGGGGGCGACATAAAAAAAAGCGGGGGTACGCCGGCGGGAGGCGGGCGCCCCCGCCGCCCCGGTGTTGGCAAAATGGGGCTCTAGCGCCCCCTAGTGGGGGGGGGGGGGG	GGGAGGGGGCGGGGC	-
7661_3968_11.2624_5.7219	MA0079.2	-134	0.0012673	1.28125	0.232272	10	GGGGGGGGGGGGCCCGGCCCCGCGCGGGGGGGGGGGGGGGCGACATAAAAAAAAGCGGGGGTACGCCGGCGGGAGGCGGGCGCCCCCGCCGCCCCGGTGTTGGCAAAATGGGGCTCTAGCGCCCCCTAGTGGGGGGGGGGGGGG	GGGGGCGGGG	-
7661_3968_11.2624_5.7219	MA0469.1	-131	0.00182147	1.8415	0.306019	13	GGGGGGGGGGGGCCCGGCCCCGCGCGGGGGGGGGGGGGGGCGACATAAAAAAAAGCGGGGGTACGCCGGCGGGAGGCGGGCGCCCCCGCCGCCCCGGTGTTGGCAAAATGGGGCTCTAGCGCCCCCTAGTGGGGGGGGGGGGGG	GAGTGGGGGCGGGAG	-
7661_3968_11.2624_5.7219	MA1548.1	-117	0.00236453	2.39054	0.366699	10	GGGGGGGGGGGGCCCGGCCCCGCGCGGGGGGGGGGGGGGGCGACATAAAAAAAAGCGGGGGTACGCCGGCGGGAGGCGGGCGCCCCCGCCGCCCCGGTGTTGGCAAAATGGGGCTCTAGCGCCCCCTAGTGGGGGGGGGGGGGG	TGGGCCCCCT	+
7661_3968_11.2624_5.7219	MA0615.1	-62	0.00258936	2.61784	0.372882	17	GGGGGGGGGGGGCCCGGCCCCGCGCGGGGGGGGGGGGGGGCGACATAAAAAAAAGCGGGGGTACGCCGGCGGGAGGCGGGCGCCCCCGCCGCCCCGGTGTTGGCAAAATGGGGCTCTAGCGCCCCCTAGTGGGGGGGGGGGGGG	CCATCGTACGTAAACTC	-
7661_3968_11.2624_5.7219	MA0528.1	-127	0.00319518	3.23033	0.402609	17	GGGGGGGGGGGGCCCGGCCCCGCGCGGGGGGGGGGGGGGGCGACATAAAAAAAAGCGGGGGTACGCCGGCGGGAGGCGGGCGCCCCCGCCGCCCCGGTGTTGGCAAAATGGGGCTCTAGCGCCCCCTAGTGGGGGGGGGGGGGG	GGAGGAGGAGGGGGAGGAGGA	+

# Tomtom (Motif Comparison Tool): Version 5.1.0 compiled on Oct  9 2020 at 08:11:46
# The format of this file is described at http://meme-suite.org//doc/tomtom-output-format.html.
# tomtom -no-ssc -o result/x7661/x7661.out result/x7661/x7661.meme ../../JASPAR2020.txt
