Query_ID	Target_ID	Optimal_offset	p-value	E-value	q-value	Overlap	Query_consensus	Target_consensus	Orientation
4078_1006_1.3991_1.4525	MA0068.1	-123	8.8123e-08	8.90924e-05	0.000178185	30	ATTAATTATTTATTATATTATTTTTTTTTTTTATATTATATATTATATATATATATTATATATATTATTTATATATATTAATAAAATAATATAATATTTTAATTATTTTATATTATAATATATATTTTTTTATATATATTAAATAATTATATTATTTATATTT	GAAAAATTTCCCATACTCCACTCCCCCCCC	+

# Tomtom (Motif Comparison Tool): Version 5.1.0 compiled on Oct  9 2020 at 08:11:46
# The format of this file is described at http://meme-suite.org//doc/tomtom-output-format.html.
# tomtom -no-ssc -thresh 0.01 -o result/x03550/x03550.out result/x03550/x03550.meme ../../../JASPAR2020.txt
