Query_ID	Target_ID	Optimal_offset	p-value	E-value	q-value	Overlap	Query_consensus	Target_consensus	Orientation
4262_2299_9.0790_7.3233	MA0139.1	-37	2.58231e-14	2.61072e-11	5.21134e-11	19	GGGGGCCCGGGGGCGGGGCCGGGTGCATTCCCCCCTCTGACCACTAGGTGGCGCTCTTGGCACGGTGCCAAGGGGGCCGCGGCCCCCCCCCGGGGGCGGGGGGGGGGGGGGG	TGGCCACCAGGGGGCGCTA	+
4262_2299_9.0790_7.3233	MA0068.1	-4	2.92747e-06	0.00295968	0.00268459	30	GGGGGCCCGGGGGCGGGGCCGGGTGCATTCCCCCCTCTGACCACTAGGTGGCGCTCTTGGCACGGTGCCAAGGGGGCCGCGGCCCCCCCCCGGGGGCGGGGGGGGGGGGGGG	GGGGGGGGAGTGGAGTATTGGAAATTTTTC	-
4262_2299_9.0790_7.3233	MA1102.1	-41	3.99079e-06	0.00403469	0.00268459	14	GGGGGCCCGGGGGCGGGGCCGGGTGCATTCCCCCCTCTGACCACTAGGTGGCGCTCTTGGCACGGTGCCAAGGGGGCCGCGGCCCCCCCCCGGGGGCGGGGGGGGGGGGGGG	CACCAGGGGGCACC	+
4262_2299_9.0790_7.3233	MA1102.2	-42	4.23224e-05	0.0427879	0.0170821	12	GGGGGCCCGGGGGCGGGGCCGGGTGCATTCCCCCCTCTGACCACTAGGTGGCGCTCTTGGCACGGTGCCAAGGGGGCCGCGGCCCCCCCCCGGGGGCGGGGGGGGGGGGGGG	AGCAGGGGGCGC	+
4262_2299_9.0790_7.3233	MA1528.1	-55	0.000145104	0.1467	0.0488054	17	GGGGGCCCGGGGGCGGGGCCGGGTGCATTCCCCCCTCTGACCACTAGGTGGCGCTCTTGGCACGGTGCCAAGGGGGCCGCGGCCCCCCCCCGGGGGCGGGGGGGGGGGGGGG	CCTGGCACCGTGCCAAC	-
4262_2299_9.0790_7.3233	MA1643.1	-53	0.000313783	0.317235	0.0791553	21	GGGGGCCCGGGGGCGGGGCCGGGTGCATTCCCCCCTCTGACCACTAGGTGGCGCTCTTGGCACGGTGCCAAGGGGGCCGCGGCCCCCCCCCGGGGGCGGGGGGGGGGGGGGG	TACTTGGCACAATGCCAGGCA	-
4262_2299_9.0790_7.3233	MA1527.1	-55	0.000813593	0.822542	0.175808	17	GGGGGCCCGGGGGCGGGGCCGGGTGCATTCCCCCCTCTGACCACTAGGTGGCGCTCTTGGCACGGTGCCAAGGGGGCCGCGGCCCCCCCCCGGGGGCGGGGGGGGGGGGGGG	GTTGGCACCGTGCCAAC	-
4262_2299_9.0790_7.3233	MA1149.1	-37	0.00130523	1.31959	0.219506	18	GGGGGCCCGGGGGCGGGGCCGGGTGCATTCCCCCCTCTGACCACTAGGTGGCGCTCTTGGCACGGTGCCAAGGGGGCCGCGGCCCCCCCCCGGGGGCGGGGGGGGGGGGGGG	TGACCTCTACATGACCTC	-
4262_2299_9.0790_7.3233	MA0104.4	-38	0.00214301	2.16658	0.308913	12	GGGGGCCCGGGGGCGGGGCCGGGTGCATTCCCCCCTCTGACCACTAGGTGGCGCTCTTGGCACGGTGCCAAGGGGGCCGCGGCCCCCCCCCGGGGGCGGGGGGGGGGGGGGG	GGCCACGTGGCC	+

# Tomtom (Motif Comparison Tool): Version 5.1.0 compiled on Oct  9 2020 at 08:11:46
# The format of this file is described at http://meme-suite.org//doc/tomtom-output-format.html.
# tomtom -no-ssc -o result/x4262/x4262.out result/x4262/x4262.meme ../../JASPAR2020.txt
