Query_ID	Target_ID	Optimal_offset	p-value	E-value	q-value	Overlap	Query_consensus	Target_consensus	Orientation
2557_1356_13.8828_13.7278	MA0139.1	-26	1.04078e-13	1.05223e-10	2.10447e-10	19	GGTGGGGGGGGGGTTCTTCGGGACAATAGCGCCCCCTAGTGGTCAAAAGGGGGCGG	TAGCGCCCCCTGGTGGCCA	-
2557_1356_13.8828_13.7278	MA1102.1	-27	1.36156e-05	0.0137654	0.0137654	14	GGTGGGGGGGGGGTTCTTCGGGACAATAGCGCCCCCTAGTGGTCAAAAGGGGGCGG	GGTGCCCCCTGGTG	-
2557_1356_13.8828_13.7278	MA1102.2	-28	0.000105597	0.106758	0.0711722	12	GGTGGGGGGGGGGTTCTTCGGGACAATAGCGCCCCCTAGTGGTCAAAAGGGGGCGG	GCGCCCCCTGCT	-
2557_1356_13.8828_13.7278	MA0068.1	-1	0.000276974	0.280021	0.14001	30	GGTGGGGGGGGGGTTCTTCGGGACAATAGCGCCCCCTAGTGGTCAAAAGGGGGCGG	GGGGGGGGAGTGGAGTATTGGAAATTTTTC	-

# Tomtom (Motif Comparison Tool): Version 5.1.0 compiled on Oct  9 2020 at 08:11:46
# The format of this file is described at http://meme-suite.org//doc/tomtom-output-format.html.
# tomtom -no-ssc -o result/x2557/x2557.out result/x2557/x2557.meme ../../JASPAR2020.txt
