<!DOCTYPE HTML>
<html>
  <head>
    <meta charset="UTF-8">
    <title>TOMTOM</title>
    <script>
      // @JSON_VAR data
      var data = {
        "program": "Tomtom",
        "version": "5.1.0",
        "release": "Fri Oct 11 15:53:28 2019 -0700",
        "cmd": [
          "tomtom", "-no-ssc", "-o", "result/x4409/x4409.out",
          "result/x4409/x4409.meme", "../../JASPAR2020.txt"
        ],
        "options": {
          "strands": "both",
          "distance_measure": "ed",
          "threshold_type": "qvalue",
          "threshold_value": 0.5,
          "background_source": "--query--"
        },
        "alphabet": {
          "name": "DNA",
          "like": "dna",
          "ncore": 4,
          "symbols": [
            {
              "symbol": "A",
              "name": "Adenine",
              "colour": "CC0000",
              "complement": "T"
            }, {
              "symbol": "C",
              "name": "Cytosine",
              "colour": "0000CC",
              "complement": "G"
            }, {
              "symbol": "G",
              "name": "Guanine",
              "colour": "FFB300",
              "complement": "C"
            }, {
              "symbol": "T",
              "aliases": "U",
              "name": "Thymine",
              "colour": "008000",
              "complement": "A"
            }, {
              "symbol": "N",
              "aliases": "X.",
              "name": "Any base",
              "equals": "ACGT"
            }, {
              "symbol": "V",
              "name": "Not T",
              "equals": "ACG"
            }, {
              "symbol": "H",
              "name": "Not G",
              "equals": "ACT"
            }, {
              "symbol": "D",
              "name": "Not C",
              "equals": "AGT"
            }, {
              "symbol": "B",
              "name": "Not A",
              "equals": "CGT"
            }, {
              "symbol": "M",
              "name": "Amino",
              "equals": "AC"
            }, {
              "symbol": "R",
              "name": "Purine",
              "equals": "AG"
            }, {
              "symbol": "W",
              "name": "Weak",
              "equals": "AT"
            }, {
              "symbol": "S",
              "name": "Strong",
              "equals": "CG"
            }, {
              "symbol": "Y",
              "name": "Pyrimidine",
              "equals": "CT"
            }, {
              "symbol": "K",
              "name": "Keto",
              "equals": "GT"
            }
          ]
        },
        "background": [0.25, 0.25, 0.25, 0.25],
        "query_dbs": [
          {
            "source": "result/x4409/x4409.meme",
            "name": "x4409",
            "loaded": 1,
            "excluded": 0,
            "last_modified": "Sat Jan 30 05:26:14 2021"
          }
        ],
        "target_dbs": [
          {
            "source": "../../JASPAR2020.txt",
            "name": "JASPAR2020.txt",
            "loaded": 1011,
            "excluded": 0,
            "last_modified": "Fri Jan 29 17:26:37 2021"
          }
        ],
        "queries": [
          {
            "db": 0,
            "id": "4409_2226_5.8065_2.1788",
            "len": 144,
            "nsites": 998,
            "pwm": [
              [0.135282, 0.210425, 0.498973, 0.15532], 
              [0.146303, 0.189385, 0.560089, 0.104223], 
              [0.168345, 0.158326, 0.522017, 0.151313], 
              [0.163499, 0.243732, 0.46036, 0.132409], 
              [0.157481, 0.2327, 0.500477, 0.109342], 
              [0.159328, 0.259518, 0.482943, 0.0982112], 
              [0.147157, 0.201206, 0.526499, 0.125138], 
              [0.21844, 0.126265, 0.542055, 0.11324], 
              [0.173181, 0.18319, 0.452432, 0.191197], 
              [0.182372, 0.211427, 0.50799, 0.0982112], 
              [0.366086, 0.175534, 0.38113, 0.0772493], 
              [0.0942036, 0.185377, 0.271541, 0.448878], 
              [0.158326, 0.136284, 0.518009, 0.187381], 
              [0.481941, 0.154319, 0.220444, 0.143298], 
              [0.135147, 0.524497, 0.186192, 0.154164], 
              [0.195396, 0.150311, 0.190387, 0.463907], 
              [0.274547, 0.390768, 0.237476, 0.0972093], 
              [0.503983, 0.161332, 0.235472, 0.0992131], 
              [0.102219, 0.189385, 0.57111, 0.137286], 
              [0.0691561, 0.524021, 0.209423, 0.1974], 
              [0.070158, 0.0661504, 0.750451, 0.11324], 
              [0.6386, 0.175182, 0.176183, 0.010034], 
              [0.0220448, 0.0740916, 0.00502955, 0.898834], 
              [0.00604244, 0.00203085, 0.889605, 0.102322], 
              [0.978906, 0.00402865, 0.0140376, 0.00302775], 
              [0.0120358, 0.588555, 0.39438, 0.00502955], 
              [0.00804024, 0.00904214, 0.0130497, 0.969868], 
              [0.101319, 0.878573, 0.00303375, 0.0170743], 
              [0.96586, 0.00904214, 0.0190611, 0.00603645], 
              [0.0190611, 0.27655, 0.123259, 0.581129], 
              [0.248497, 0.361712, 0.174357, 0.215434], 
              [0.148158, 0.291287, 0.257256, 0.303298], 
              [0.0711599, 0.425834, 0.188383, 0.314623], 
              [0.030082, 0.452886, 0.213431, 0.303602], 
              [0.0351265, 0.187569, 0.192584, 0.58472], 
              [0.0771713, 0.120253, 0.450882, 0.351693], 
              [0.103325, 0.10533, 0.628849, 0.162496], 
              [0.204414, 0.18137, 0.49196, 0.122257], 
              [0.304299, 0.334326, 0.21722, 0.144155], 
              [0.377364, 0.171179, 0.132144, 0.319312], 
              [0.1942, 0.246246, 0.249249, 0.310304], 
              [0.214433, 0.296588, 0.211427, 0.277552], 
              [0.136284, 0.280558, 0.275548, 0.307609], 
              [0.155475, 0.271813, 0.354052, 0.218659], 
              [0.0881922, 0.404794, 0.314623, 0.192391], 
              [0.167175, 0.575543, 0.129141, 0.12814], 
              [0.303602, 0.482943, 0.136284, 0.0771713], 
              [0.443869, 0.216436, 0.248497, 0.0911979], 
              [0.360069, 0.198601, 0.32597, 0.115359], 
              [0.292581, 0.230463, 0.267533, 0.209423], 
              [0.248746, 0.286857, 0.277831, 0.186566], 
              [0.307609, 0.230463, 0.206417, 0.25551], 
              [0.299594, 0.17636, 0.261522, 0.262524], 
              [0.240241, 0.227229, 0.247247, 0.285281], 
              [0.24674, 0.264793, 0.221668, 0.266798], 
              [0.256512, 0.249499, 0.254509, 0.23948], 
              [0.231465, 0.229461, 0.198402, 0.340672], 
              [0.190387, 0.283564, 0.283564, 0.242486], 
              [0.343678, 0.290577, 0.17636, 0.189385], 
              [0.240482, 0.301598, 0.247495, 0.210425], 
              [0.247495, 0.227457, 0.219442, 0.305605], 
              [0.246493, 0.249499, 0.288573, 0.215434], 
              [0.275824, 0.28786, 0.237714, 0.198601], 
              [0.236474, 0.257514, 0.284566, 0.221446], 
              [0.29759, 0.235472, 0.270539, 0.196398], 
              [0.3026, 0.210425, 0.266531, 0.220444], 
              [0.288573, 0.222448, 0.226455, 0.262524], 
              [0.335662, 0.248497, 0.215434, 0.200406], 
              [0.348687, 0.216436, 0.193393, 0.241484], 
              [0.379747, 0.172353, 0.211427, 0.236474], 
              [0.340672, 0.211427, 0.228459, 0.219442], 
              [0.349689, 0.289575, 0.203412, 0.157324], 
              [0.406203, 0.235708, 0.185563, 0.172526], 
              [0.320634, 0.25551, 0.265529, 0.158326], 
              [0.3026, 0.224452, 0.268535, 0.204414], 
              [0.345681, 0.209423, 0.241484, 0.203412], 
              [0.305605, 0.228459, 0.226455, 0.23948], 
              [0.324642, 0.186379, 0.263526, 0.225453], 
              [0.261522, 0.274547, 0.20241, 0.261522], 
              [0.32364, 0.220444, 0.206417, 0.249499], 
              [0.205209, 0.26126, 0.244245, 0.289285], 
              [0.237476, 0.316626, 0.20241, 0.243488], 
              [0.196398, 0.271541, 0.25551, 0.27655], 
              [0.173355, 0.261522, 0.304604, 0.26052], 
              [0.195396, 0.25551, 0.277552, 0.271541], 
              [0.209423, 0.18137, 0.286569, 0.322638], 
              [0.247495, 0.246493, 0.26052, 0.245491], 
              [0.196398, 0.3026, 0.207419, 0.293583], 
              [0.253507, 0.27655, 0.227457, 0.242486], 
              [0.194395, 0.230463, 0.270539, 0.304604], 
              [0.192584, 0.27081, 0.259778, 0.276827], 
              [0.233469, 0.243488, 0.219442, 0.303602], 
              [0.214218, 0.209213, 0.275272, 0.301296], 
              [0.256512, 0.201408, 0.314623, 0.227457], 
              [0.20863, 0.234706, 0.274822, 0.281843], 
              [0.235472, 0.252505, 0.332657, 0.179366], 
              [0.248497, 0.233469, 0.313621, 0.204414], 
              [0.231465, 0.258516, 0.29759, 0.212429], 
              [0.245491, 0.199404, 0.246493, 0.308611], 
              [0.271541, 0.237476, 0.294585, 0.196398], 
              [0.226455, 0.237476, 0.313621, 0.222448], 
              [0.210636, 0.286857, 0.265795, 0.236711], 
              [0.288863, 0.291872, 0.218659, 0.200607], 
              [0.245491, 0.250501, 0.261522, 0.242486], 
              [0.275548, 0.184376, 0.327647, 0.212429], 
              [0.202207, 0.262261, 0.276273, 0.259258], 
              [0.274822, 0.168514, 0.301901, 0.254764], 
              [0.278834, 0.187569, 0.233703, 0.299895], 
              [0.277274, 0.251251, 0.241242, 0.230232], 
              [0.266264, 0.241242, 0.233235, 0.259258], 
              [0.245491, 0.1974, 0.27655, 0.280558], 
              [0.286569, 0.220444, 0.250501, 0.242486], 
              [0.299594, 0.183374, 0.243488, 0.273545], 
              [0.279837, 0.178543, 0.327976, 0.213645], 
              [0.329321, 0.175182, 0.210214, 0.285281], 
              [0.28156, 0.198402, 0.246493, 0.273545], 
              [0.303602, 0.128269, 0.326645, 0.241484], 
              [0.345681, 0.169347, 0.267533, 0.217438], 
              [0.270268, 0.229231, 0.237238, 0.263262], 
              [0.270539, 0.204414, 0.256512, 0.268535], 
              [0.311617, 0.208421, 0.233469, 0.246493], 
              [0.28786, 0.238717, 0.229691, 0.243732], 
              [0.275548, 0.200406, 0.234471, 0.289575], 
              [0.246493, 0.266531, 0.230463, 0.256512], 
              [0.248248, 0.181188, 0.28328, 0.287283], 
              [0.201408, 0.226455, 0.271541, 0.300596], 
              [0.253507, 0.27655, 0.234471, 0.235472], 
              [0.199404, 0.294585, 0.258516, 0.247495], 
              [0.209423, 0.303602, 0.265529, 0.221446], 
              [0.206417, 0.225453, 0.287571, 0.280558], 
              [0.154319, 0.265529, 0.341674, 0.238478], 
              [0.204414, 0.243488, 0.3026, 0.249499], 
              [0.1974, 0.234471, 0.353697, 0.214433], 
              [0.247743, 0.220665, 0.358063, 0.173529], 
              [0.19459, 0.236711, 0.369095, 0.199604], 
              [0.189385, 0.214433, 0.472924, 0.123259], 
              [0.152315, 0.212429, 0.492962, 0.142296], 
              [0.175358, 0.147305, 0.52903, 0.148307], 
              [0.135282, 0.174357, 0.548066, 0.142296], 
              [0.116362, 0.171523, 0.580709, 0.131406], 
              [0.130142, 0.166174, 0.545516, 0.158167], 
              [0.18137, 0.221446, 0.472924, 0.124261], 
              [0.126265, 0.186379, 0.546062, 0.141294], 
              [0.158326, 0.170349, 0.506988, 0.164338]
            ]
          }
        ],
        "targets": [
          {
            "db": 0,
            "id": "MA0014.1",
            "alt": "Pax5",
            "len": 20,
            "nsites": 12,
            "url": "http://jaspar.genereg.net/matrix/MA0014.1",
            "pwm": [
              [0.332644, 0.0847104, 0.332644, 0.25], 
              [0.332644, 0.00206612, 0.663223, 0.00206612], 
              [0.332644, 0.25, 0.25, 0.167356], 
              [0.0847104, 0.167356, 0.41529, 0.332644], 
              [0.167356, 0.580578, 0.0847104, 0.167356], 
              [0.580578, 0.167356, 0.0847104, 0.167356], 
              [0.167356, 0.41529, 0.25, 0.167356], 
              [0.00206612, 0.25, 0.167356, 0.580578], 
              [0.0847104, 0.167356, 0.663223, 0.0847104], 
              [0.497934, 0.0847104, 0.25, 0.167356], 
              [0.497934, 0.00206612, 0.167356, 0.332644], 
              [0.00206612, 0.00206612, 0.993802, 0.00206612], 
              [0.167356, 0.663223, 0.0847104, 0.0847104], 
              [0.25, 0.00206612, 0.745868, 0.00206612], 
              [0.0847104, 0.00206612, 0.332644, 0.580578], 
              [0.497934, 0.0847104, 0.41529, 0.00206612], 
              [0.41529, 0.0847104, 0.41529, 0.0847104], 
              [0.167356, 0.828512, 0.00206612, 0.00206612], 
              [0.167356, 0.41529, 0.41529, 0.00206612], 
              [0.41529, 0.00206612, 0.497934, 0.0847104]
            ]
          }, {
            "db": 0,
            "id": "MA0014.2",
            "alt": "PAX5",
            "len": 19,
            "nsites": 896,
            "url": "http://jaspar.genereg.net/matrix/MA0014.2",
            "pwm": [
              [0.29129, 0.254464, 0.371638, 0.0826077], 
              [0.351551, 0.0658686, 0.247768, 0.334812], 
              [0.34374, 0.0335062, 0.609335, 0.0134194], 
              [0.273435, 0.165188, 0.374986, 0.186391], 
              [2.78987e-05, 0.188623, 0.507783, 0.303565], 
              [0.04355, 0.821365, 2.78987e-05, 0.135058], 
              [0.854843, 0.0234633, 0.0926516, 0.0290427], 
              [0.169652, 0.181928, 0.594828, 0.0535929], 
              [0.0100718, 0.600407, 0.0390855, 0.350435], 
              [0.194202, 0.46761, 0.328116, 0.0100718], 
              [0.604871, 0.0089559, 0.383914, 0.00225965], 
              [0.599291, 0.0189988, 0.206478, 0.175231], 
              [2.78987e-05, 0.239956, 0.757755, 0.00225965], 
              [0.00337553, 0.838104, 0.0189988, 0.139521], 
              [0.353783, 0.0189988, 0.60264, 0.0245792], 
              [0.170768, 0.0457818, 0.173, 0.610451], 
              [0.251116, 0.00672315, 0.735437, 0.00672315], 
              [0.655089, 0.0368538, 0.247768, 0.0602892], 
              [0.169652, 0.744365, 0.0279268, 0.0580574]
            ]
          }, {
            "db": 0,
            "id": "MA0018.1",
            "alt": "CREB1",
            "len": 12,
            "nsites": 16,
            "url": "http://jaspar.genereg.net/matrix/MA0018.1",
            "pwm": [
              [0.0015528, 0.436335, 0.312112, 0.25], 
              [0.187888, 0.312112, 0.25, 0.25], 
              [0.0015528, 0.187888, 0.374224, 0.436335], 
              [0.125776, 0.187888, 0.684783, 0.0015528], 
              [0.312112, 0.0636646, 0.436335, 0.187888], 
              [0.0015528, 0.0015528, 0.0015528, 0.995342], 
              [0.0015528, 0.0015528, 0.93323, 0.0636646], 
              [0.995342, 0.0015528, 0.0015528, 0.0015528], 
              [0.0015528, 0.995342, 0.0015528, 0.0015528], 
              [0.0015528, 0.0015528, 0.995342, 0.0015528], 
              [0.0636646, 0.312112, 0.0015528, 0.622671], 
              [0.312112, 0.374224, 0.187888, 0.125776]
            ]
          }, {
            "db": 0,
            "id": "MA0038.1",
            "alt": "Gfi1",
            "len": 10,
            "nsites": 53,
            "url": "http://jaspar.genereg.net/matrix/MA0038.1",
            "pwm": [
              [0.169962, 0.377118, 0.169962, 0.282957], 
              [0.527778, 0.301789, 0.132297, 0.0381357], 
              [0.998588, 0.00047081, 0.00047081, 0.00047081], 
              [0.998588, 0.00047081, 0.00047081, 0.00047081], 
              [0.0193033, 0.00047081, 0.0193033, 0.960923], 
              [0.0193033, 0.979755, 0.00047081, 0.00047081], 
              [0.584275, 0.132297, 0.0381357, 0.245292], 
              [0.15113, 0.527778, 0.207627, 0.113466], 
              [0.358287, 0.207627, 0.0381357, 0.395951], 
              [0.132297, 0.245292, 0.527778, 0.0946331]
            ]
          }, {
            "db": 0,
            "id": "MA0043.3",
            "alt": "HLF",
            "len": 14,
            "nsites": 24424,
            "url": "http://jaspar.genereg.net/matrix/MA0043.3",
            "pwm": [
              [0.278824, 0.207296, 0.230347, 0.283533], 
              [0.25348, 0.164142, 0.25782, 0.324558], 
              [0.359851, 0.181461, 0.400957, 0.0577308], 
              [0.012079, 0.00990898, 0.006061, 0.971951], 
              [0.006634, 0.00393201, 0.0366449, 0.952789], 
              [0.931294, 0.005119, 0.0550288, 0.00855799], 
              [0.00806699, 0.0633808, 0.01036, 0.918192], 
              [0.0990016, 0.004587, 0.888672, 0.00773899], 
              [0.015109, 0.704346, 0.00814899, 0.272396], 
              [0.989024, 0.004996, 0.00196602, 0.00401301], 
              [0.984889, 0.00274401, 0.00773899, 0.004628], 
              [0.0572808, 0.541966, 0.135113, 0.26564], 
              [0.364273, 0.262529, 0.131756, 0.241443], 
              [0.282591, 0.215649, 0.22613, 0.275631]
            ]
          }, {
            "db": 0,
            "id": "MA0060.1",
            "alt": "NFYA",
            "len": 16,
            "nsites": 116,
            "url": "http://jaspar.genereg.net/matrix/MA0060.1",
            "pwm": [
              [0.293066, 0.318907, 0.232774, 0.155254], 
              [0.138028, 0.284453, 0.22416, 0.353359], 
              [0.0605084, 0.439492, 0.215547, 0.284453], 
              [0.499785, 0.120801, 0.353359, 0.0260551], 
              [0.439492, 0.0346686, 0.482559, 0.0432812], 
              [0.000215332, 0.999354, 0.000215332, 0.000215332], 
              [0.0174415, 0.973514, 0.00882891, 0.000215332], 
              [0.964901, 0.000215332, 0.00882891, 0.0260551], 
              [0.999354, 0.000215332, 0.000215332, 0.000215332], 
              [0.000215332, 0.00882891, 0.000215332, 0.99074], 
              [0.120801, 0.560078, 0.284453, 0.0346686], 
              [0.568691, 0.0518948, 0.361972, 0.0174415], 
              [0.112188, 0.172481, 0.628983, 0.0863481], 
              [0.336133, 0.370586, 0.189707, 0.103574], 
              [0.310293, 0.0777345, 0.405038, 0.206934], 
              [0.215547, 0.301679, 0.25, 0.232774]
            ]
          }, {
            "db": 0,
            "id": "MA0060.2",
            "alt": "NFYA",
            "len": 18,
            "nsites": 8768,
            "url": "http://jaspar.genereg.net/matrix/MA0060.2",
            "pwm": [
              [0.53695, 0.172788, 0.112114, 0.178149], 
              [0.13538, 0.11257, 0.522351, 0.229699], 
              [0.404651, 0.257299, 0.247263, 0.0907868], 
              [0.137204, 0.339073, 0.453693, 0.0700291], 
              [0.208257, 0.267336, 0.0357004, 0.488706], 
              [0.0219006, 0.0951208, 0.546074, 0.336906], 
              [0.0270325, 0.842146, 0.0548612, 0.07596], 
              [0.00182783, 0.113255, 0.0276025, 0.857315], 
              [0.0253216, 0.116106, 0.818995, 0.0395784], 
              [0.975699, 0.000230849, 0.0171107, 0.00695977], 
              [0.000572845, 0.00593378, 0.000914841, 0.992579], 
              [0.00114384, 0.000572845, 0.000572845, 0.99771], 
              [0.00330981, 0.00114384, 0.994518, 0.00102884], 
              [0.00137184, 0.00798676, 0.990298, 0.000344847], 
              [0.0429994, 0.305314, 0.00171383, 0.649972], 
              [0.0524663, 0.449701, 0.213618, 0.284215], 
              [0.175298, 0.476274, 0.253992, 0.0944358], 
              [0.485969, 0.129563, 0.308735, 0.075732]
            ]
          }, {
            "db": 0,
            "id": "MA0063.2",
            "alt": "NKX2-5",
            "len": 11,
            "nsites": 5444,
            "url": "http://jaspar.genereg.net/matrix/MA0063.2",
            "pwm": [
              [0.316494, 0.188098, 0.309881, 0.185526], 
              [0.280308, 0.30235, 0.242101, 0.17524], 
              [0.0176383, 0.918798, 0.00441351, 0.0591515], 
              [0.963617, 0.00882143, 0.0139643, 0.0135973], 
              [0.0264551, 0.936431, 0.00900543, 0.0281081], 
              [0.0248021, 0.0150663, 0.0112094, 0.948922], 
              [0.0407828, 0.79334, 0.0113934, 0.154484], 
              [0.885183, 0.0220472, 0.0398639, 0.0529056], 
              [0.905756, 0.030313, 0.0180053, 0.0459257], 
              [0.272777, 0.258266, 0.271492, 0.197466], 
              [0.335597, 0.229794, 0.199119, 0.235489]
            ]
          }, {
            "db": 0,
            "id": "MA0067.1",
            "alt": "Pax2",
            "len": 8,
            "nsites": 31,
            "url": "http://jaspar.genereg.net/matrix/MA0067.1",
            "pwm": [
              [0.322348, 0.225884, 0.161575, 0.290193], 
              [0.225884, 0.0329581, 0.676045, 0.0651124], 
              [0.0972667, 0.0651124, 0.000803859, 0.836817], 
              [0.000803859, 0.901126, 0.0329581, 0.0651124], 
              [0.836817, 0.0329581, 0.0972667, 0.0329581], 
              [0.0651124, 0.547428, 0.0329581, 0.354502], 
              [0.0651124, 0.000803859, 0.611736, 0.322348], 
              [0.0329581, 0.354502, 0.354502, 0.258039]
            ]
          }, {
            "db": 0,
            "id": "MA0068.1",
            "alt": "Pax4",
            "len": 30,
            "nsites": 21,
            "url": "http://jaspar.genereg.net/matrix/MA0068.1",
            "pwm": [
              [0.332938, 0.0959715, 0.522512, 0.0485782], 
              [0.949052, 0.00118483, 0.0485782, 0.00118483], 
              [0.759479, 0.0959715, 0.0485782, 0.0959715], 
              [0.522512, 0.0485782, 0.0485782, 0.380331], 
              [0.617299, 0.0485782, 0.143365, 0.190758], 
              [0.522512, 0.143365, 0.0485782, 0.285545], 
              [0.285545, 0.0485782, 0.0959715, 0.569906], 
              [0.427725, 0.0485782, 0.0485782, 0.475118], 
              [0.238151, 0.143365, 0.285545, 0.332938], 
              [0.238151, 0.522512, 0.0485782, 0.190758], 
              [0.285545, 0.522512, 0.190758, 0.00118483], 
              [0.332938, 0.332938, 0.238151, 0.0959715], 
              [0.380331, 0.332938, 0.0959715, 0.190758], 
              [0.285545, 0.238151, 0.0485782, 0.427725], 
              [0.475118, 0.238151, 0.190758, 0.0959715], 
              [0.190758, 0.380331, 0.190758, 0.238151], 
              [0.143365, 0.285545, 0.190758, 0.380331], 
              [0.332938, 0.380331, 0.143365, 0.143365], 
              [0.190758, 0.427725, 0.143365, 0.238151], 
              [0.427725, 0.285545, 0.0959715, 0.190758], 
              [0.238151, 0.332938, 0.238151, 0.190758], 
              [0.238151, 0.285545, 0.0959715, 0.380331], 
              [0.332938, 0.522512, 0.00118483, 0.143365], 
              [0.285545, 0.427725, 0.0485782, 0.238151], 
              [0.143365, 0.569906, 0.0959715, 0.190758], 
              [0.332938, 0.427725, 0.0959715, 0.143365], 
              [0.143365, 0.569906, 0.0959715, 0.190758], 
              [0.0485782, 0.522512, 0.143365, 0.285545], 
              [0.285545, 0.522512, 0.0485782, 0.143365], 
              [0.143365, 0.617299, 0.0959715, 0.143365]
            ]
          }, {
            "db": 0,
            "id": "MA0070.1",
            "alt": "PBX1",
            "len": 12,
            "nsites": 18,
            "url": "http://jaspar.genereg.net/matrix/MA0070.1",
            "pwm": [
              [0.277625, 0.332873, 0.111878, 0.277625], 
              [0.167127, 0.498619, 0.167127, 0.167127], 
              [0.885359, 0.0566303, 0.0566303, 0.00138122], 
              [0.0566303, 0.0566303, 0.00138122, 0.885359], 
              [0.00138122, 0.995856, 0.00138122, 0.00138122], 
              [0.940607, 0.0566303, 0.00138122, 0.00138122], 
              [0.940607, 0.00138122, 0.00138122, 0.0566303], 
              [0.00138122, 0.00138122, 0.0566303, 0.940607], 
              [0.00138122, 0.995856, 0.00138122, 0.00138122], 
              [0.885359, 0.0566303, 0.00138122, 0.0566303], 
              [0.664365, 0.00138122, 0.0566303, 0.277625], 
              [0.44337, 0.111878, 0.111878, 0.332873]
            ]
          }, {
            "db": 0,
            "id": "MA0089.1",
            "alt": "MAFG::NFE2L1",
            "len": 6,
            "nsites": 34,
            "url": "http://jaspar.genereg.net/matrix/MA0089.1",
            "pwm": [
              [0.206011, 0.323313, 0.293989, 0.176687], 
              [0.851173, 0.0593846, 0.0887094, 0.000733138], 
              [0.000733138, 0.000733138, 0.000733138, 0.997801], 
              [0.0300589, 0.000733138, 0.939149, 0.0300589], 
              [0.997801, 0.000733138, 0.000733138, 0.000733138], 
              [0.000733138, 0.763197, 0.0593846, 0.176687]
            ]
          }, {
            "db": 0,
            "id": "MA0089.2",
            "alt": "NFE2L1",
            "len": 16,
            "nsites": 3356,
            "url": "http://jaspar.genereg.net/matrix/MA0089.2",
            "pwm": [
              [0.370675, 0.209477, 0.199941, 0.219906], 
              [0.261621, 0.281882, 0.31287, 0.143626], 
              [0.295589, 0.254172, 0.221098, 0.229143], 
              [0.769353, 0.0169919, 0.21037, 0.00328535], 
              [0.00358334, 0.0014974, 0.000603431, 0.994316], 
              [0.0050733, 0.00209339, 0.985675, 0.00715824], 
              [0.994019, 0.00119941, 0.00298736, 0.0017954], 
              [0.015204, 0.853379, 0.106679, 0.0247387], 
              [0.0649635, 0.00358334, 0.0104361, 0.921017], 
              [0.0551308, 0.908502, 0.00745623, 0.0289096], 
              [0.944854, 0.00268937, 0.0232488, 0.0292076], 
              [0.0169919, 0.00537129, 0.899266, 0.0783721], 
              [0.00477531, 0.97763, 0.00984016, 0.00775422], 
              [0.851293, 0.0190769, 0.0423182, 0.0873108], 
              [0.405835, 0.154055, 0.206795, 0.233313], 
              [0.341177, 0.0667515, 0.0908867, 0.501185]
            ]
          }, {
            "db": 0,
            "id": "MA0099.1",
            "alt": "JUN::FOS",
            "len": 8,
            "nsites": 19,
            "url": "http://jaspar.genereg.net/matrix/MA0099.1",
            "pwm": [
              [0.263089, 0.106021, 0.629581, 0.0013089], 
              [0.0013089, 0.0013089, 0.0013089, 0.996073], 
              [0.0013089, 0.0536653, 0.943717, 0.0013089], 
              [0.943717, 0.0536653, 0.0013089, 0.0013089], 
              [0.0536653, 0.315445, 0.472513, 0.158377], 
              [0.0536653, 0.0536653, 0.0013089, 0.891361], 
              [0.315445, 0.681938, 0.0013089, 0.0013089], 
              [0.943717, 0.0013089, 0.0013089, 0.0536653]
            ]
          }, {
            "db": 0,
            "id": "MA0099.2",
            "alt": "FOS::JUN",
            "len": 7,
            "nsites": 18,
            "url": "http://jaspar.genereg.net/matrix/MA0099.2",
            "pwm": [
              [0.00138122, 0.0566303, 0.00138122, 0.940607], 
              [0.00138122, 0.00138122, 0.83011, 0.167127], 
              [0.885359, 0.111878, 0.00138122, 0.00138122], 
              [0.277625, 0.664365, 0.0566303, 0.00138122], 
              [0.167127, 0.00138122, 0.0566303, 0.774862], 
              [0.00138122, 0.83011, 0.167127, 0.00138122], 
              [0.885359, 0.00138122, 0.0566303, 0.0566303]
            ]
          }, {
            "db": 0,
            "id": "MA0099.3",
            "alt": "FOS::JUN",
            "len": 10,
            "nsites": 1000,
            "url": "http://jaspar.genereg.net/matrix/MA0099.3",
            "pwm": [
              [0.591966, 0.111014, 0.256999, 0.040021], 
              [0.0030247, 0.0050245, 0.0020248, 0.989926], 
              [0.0070243, 0.0010249, 0.823943, 0.168008], 
              [0.819943, 0.131012, 0.0040246, 0.0450205], 
              [0.0780172, 0.180007, 0.687956, 0.0540196], 
              [0.0050245, 0.0020248, 0.0020248, 0.990926], 
              [0.030022, 0.962929, 0.0030247, 0.0040246], 
              [0.991926, 0.0020248, 0.0020248, 0.0040246], 
              [0.0240226, 0.312994, 0.0950155, 0.567968], 
              [0.276997, 0.396985, 0.164009, 0.162009]
            ]
          }, {
            "db": 0,
            "id": "MA0102.1",
            "alt": "Cebpa",
            "len": 12,
            "nsites": 18,
            "url": "http://jaspar.genereg.net/matrix/MA0102.1",
            "pwm": [
              [0.167127, 0.00138122, 0.00138122, 0.83011], 
              [0.0566303, 0.0566303, 0.222375, 0.664365], 
              [0.222375, 0.0566303, 0.332873, 0.388122], 
              [0.111878, 0.498619, 0.111878, 0.277625], 
              [0.222375, 0.111878, 0.553868, 0.111878], 
              [0.111878, 0.83011, 0.00138122, 0.0566303], 
              [0.995856, 0.00138122, 0.00138122, 0.00138122], 
              [0.995856, 0.00138122, 0.00138122, 0.00138122], 
              [0.00138122, 0.332873, 0.111878, 0.553868], 
              [0.277625, 0.332873, 0.277625, 0.111878], 
              [0.111878, 0.277625, 0.167127, 0.44337], 
              [0.0566303, 0.332873, 0.277625, 0.332873]
            ]
          }, {
            "db": 0,
            "id": "MA0117.1",
            "alt": "Mafb",
            "len": 8,
            "nsites": 15,
            "url": "http://jaspar.genereg.net/matrix/MA0117.1",
            "pwm": [
              [0.00165563, 0.00165563, 0.995033, 0.00165563], 
              [0.0678811, 0.796358, 0.0678811, 0.0678811], 
              [0.00165563, 0.200331, 0.0678811, 0.730132], 
              [0.0678811, 0.00165563, 0.796358, 0.134106], 
              [0.796358, 0.134106, 0.00165563, 0.0678811], 
              [0.200331, 0.531457, 0.0678811, 0.200331], 
              [0.200331, 0.0678811, 0.465232, 0.266557], 
              [0.134106, 0.332781, 0.332781, 0.200331]
            ]
          }, {
            "db": 0,
            "id": "MA0117.2",
            "alt": "Mafb",
            "len": 12,
            "nsites": 2183,
            "url": "http://jaspar.genereg.net/matrix/MA0117.2",
            "pwm": [
              [0.566636, 0.0797148, 0.149341, 0.204308], 
              [0.578812, 0.0554629, 0.0728771, 0.292849], 
              [0.494948, 0.0989989, 0.0834176, 0.322637], 
              [0.340968, 0.182404, 0.196611, 0.280017], 
              [0.0853065, 0.199679, 0.010027, 0.704987], 
              [0.00091941, 0.00636616, 0.990434, 0.00228135], 
              [0.118527, 0.876628, 0.00202036, 0.00282332], 
              [0.0137828, 0.0160037, 0.000899411, 0.969314], 
              [0.0186826, 0.0054052, 0.905364, 0.0705472], 
              [0.980641, 0.00585418, 0.0076511, 0.00585418], 
              [0.0582118, 0.697772, 0.156704, 0.0873115], 
              [0.266727, 0.0632536, 0.296057, 0.373963]
            ]
          }, {
            "db": 0,
            "id": "MA0140.1",
            "alt": "Tal1::Gata1",
            "len": 18,
            "nsites": 2942,
            "url": "http://jaspar.genereg.net/matrix/MA0140.1",
            "pwm": [
              [0.135966, 0.451727, 0.210062, 0.202245], 
              [0.0887205, 0.150921, 0.176753, 0.583606], 
              [0.044504, 0.0618274, 0.6525, 0.241168], 
              [0.0899884, 0.253311, 0.416972, 0.239728], 
              [0.227166, 0.215621, 0.263158, 0.294057], 
              [0.238031, 0.233278, 0.306619, 0.222072], 
              [0.225391, 0.252885, 0.318396, 0.203329], 
              [0.241941, 0.23719, 0.302339, 0.218528], 
              [0.248898, 0.224484, 0.292301, 0.234318], 
              [0.338083, 0.138157, 0.319075, 0.204686], 
              [0.178949, 0.397958, 0.30594, 0.117153], 
              [0.66473, 0.0105271, 0.0125631, 0.31218], 
              [0.00102646, 0.00238442, 0.996581, 8.49733e-06], 
              [0.993528, 0.00238342, 0.000687474, 0.00340138], 
              [0.00544131, 0.0088372, 0.0101952, 0.975527], 
              [0.941193, 0.00204743, 0.00782323, 0.0489368], 
              [0.809359, 0.0173369, 0.127765, 0.0455389], 
              [0.186056, 0.187077, 0.544548, 0.0823187]
            ]
          }, {
            "db": 0,
            "id": "MA0150.1",
            "alt": "NFE2L2",
            "len": 11,
            "nsites": 20,
            "url": "http://jaspar.genereg.net/matrix/MA0150.1",
            "pwm": [
              [0.498756, 0.050995, 0.449005, 0.00124378], 
              [0.00124378, 0.00124378, 0.00124378, 0.996269], 
              [0.00124378, 0.00124378, 0.946517, 0.050995], 
              [0.996269, 0.00124378, 0.00124378, 0.00124378], 
              [0.00124378, 0.847015, 0.050995, 0.100746], 
              [0.299751, 0.100746, 0.050995, 0.548507], 
              [0.25, 0.498756, 0.050995, 0.200249], 
              [0.797264, 0.00124378, 0.100746, 0.100746], 
              [0.00124378, 0.00124378, 0.996269, 0.00124378], 
              [0.00124378, 0.996269, 0.00124378, 0.00124378], 
              [0.747512, 0.100746, 0.100746, 0.050995]
            ]
          }, {
            "db": 0,
            "id": "MA0150.2",
            "alt": "Nfe2l2",
            "len": 15,
            "nsites": 726,
            "url": "http://jaspar.genereg.net/matrix/MA0150.2",
            "pwm": [
              [0.228653, 0.465535, 0.150152, 0.15566], 
              [0.5523, 0.107458, 0.219012, 0.12123], 
              [0.162546, 0.32919, 0.37877, 0.129494], 
              [0.27961, 0.340208, 0.209372, 0.17081], 
              [0.672118, 0.0385961, 0.282365, 0.00692048], 
              [3.44305e-05, 3.44305e-05, 3.44305e-05, 0.999897], 
              [3.44305e-05, 3.44305e-05, 0.979239, 0.0206926], 
              [0.999897, 3.44305e-05, 3.44305e-05, 3.44305e-05], 
              [0.0275786, 0.734093, 0.162546, 0.075782], 
              [0.11572, 0.0275786, 0.0220704, 0.83463], 
              [0.0895541, 0.756128, 0.0633867, 0.0909309], 
              [0.794691, 0.00416586, 0.123984, 0.0771588], 
              [0.0138065, 0.0151843, 0.961335, 0.0096751], 
              [0.00554367, 0.962712, 0.0262018, 0.00554367], 
              [0.858043, 0.0358425, 0.0427285, 0.0633867]
            ]
          }, {
            "db": 0,
            "id": "MA0462.1",
            "alt": "BATF::JUN",
            "len": 11,
            "nsites": 10522,
            "url": "http://jaspar.genereg.net/matrix/MA0462.1",
            "pwm": [
              [0.29291, 0.0457159, 0.488118, 0.173257], 
              [0.454474, 0.0525589, 0.274568, 0.2184], 
              [0.429479, 0.0161592, 0.210891, 0.34347], 
              [0.784827, 0.140469, 2.37595e-06, 0.0747027], 
              [2.37595e-06, 2.37595e-06, 2.37595e-06, 0.999993], 
              [2.37595e-06, 2.37595e-06, 0.985927, 0.0140682], 
              [0.999993, 2.37595e-06, 2.37595e-06, 2.37595e-06], 
              [0.0556948, 0.477664, 0.466639, 2.37595e-06], 
              [2.37595e-06, 2.37595e-06, 2.37595e-06, 0.999993], 
              [0.122696, 0.81638, 0.0609218, 2.37595e-06], 
              [0.975473, 2.37595e-06, 2.37595e-06, 0.0245221]
            ]
          }, {
            "db": 0,
            "id": "MA0462.2",
            "alt": "BATF::JUN",
            "len": 11,
            "nsites": 38154,
            "url": "http://jaspar.genereg.net/matrix/MA0462.2",
            "pwm": [
              [0.282146, 0.12481, 0.244195, 0.348849], 
              [0.492451, 0.190281, 0.176364, 0.140903], 
              [0.00961963, 0.00720864, 0.00477064, 0.978401], 
              [0.0218596, 0.0104846, 0.868452, 0.0992034], 
              [0.977091, 0.00534764, 0.00917363, 0.00838763], 
              [0.0366676, 0.816899, 0.109766, 0.0366676], 
              [0.0197886, 0.00631764, 0.0141276, 0.959766], 
              [0.103659, 0.858886, 0.0136816, 0.0237726], 
              [0.965926, 0.00833563, 0.0111136, 0.0146256], 
              [0.165094, 0.160009, 0.202993, 0.471902], 
              [0.351392, 0.253394, 0.12903, 0.266184]
            ]
          }, {
            "db": 0,
            "id": "MA0476.1",
            "alt": "FOS",
            "len": 11,
            "nsites": 29396,
            "url": "http://jaspar.genereg.net/matrix/MA0476.1",
            "pwm": [
              [0.26803, 0.0242218, 0.329501, 0.378249], 
              [0.254286, 0.346204, 0.368792, 0.0307187], 
              [8.50453e-07, 8.50453e-07, 8.50453e-07, 0.999997], 
              [8.50453e-07, 8.50453e-07, 0.922164, 0.0778346], 
              [0.999997, 8.50453e-07, 8.50453e-07, 8.50453e-07], 
              [0.0339507, 0.478942, 0.381208, 0.105899], 
              [8.50453e-07, 8.50453e-07, 8.50453e-07, 0.999997], 
              [8.50453e-07, 0.999997, 8.50453e-07, 8.50453e-07], 
              [0.999997, 8.50453e-07, 8.50453e-07, 8.50453e-07], 
              [0.00877782, 0.198088, 0.0523207, 0.740813], 
              [0.136277, 0.280174, 0.268642, 0.314907]
            ]
          }, {
            "db": 0,
            "id": "MA0477.1",
            "alt": "FOSL1",
            "len": 11,
            "nsites": 5272,
            "url": "http://jaspar.genereg.net/matrix/MA0477.1",
            "pwm": [
              [0.339717, 0.0225763, 0.452196, 0.185509], 
              [0.297419, 0.0828942, 0.589713, 0.0299742], 
              [4.74194e-06, 4.74194e-06, 4.74194e-06, 0.999986], 
              [4.74194e-06, 4.74194e-06, 0.999986, 4.74194e-06], 
              [0.999986, 4.74194e-06, 4.74194e-06, 4.74194e-06], 
              [0.0235243, 0.5918, 0.384671, 4.74194e-06], 
              [4.74194e-06, 4.74194e-06, 4.74194e-06, 0.999986], 
              [0.0335781, 0.966412, 4.74194e-06, 4.74194e-06], 
              [0.999986, 4.74194e-06, 4.74194e-06, 4.74194e-06], 
              [0.00702261, 0.153834, 0.328906, 0.510238], 
              [0.224583, 0.319422, 0.355651, 0.100344]
            ]
          }, {
            "db": 0,
            "id": "MA0477.2",
            "alt": "FOSL1",
            "len": 13,
            "nsites": 57681,
            "url": "http://jaspar.genereg.net/matrix/MA0477.2",
            "pwm": [
              [0.259687, 0.216553, 0.257416, 0.266344], 
              [0.276018, 0.191016, 0.292211, 0.240755], 
              [0.607755, 0.116208, 0.227579, 0.0484563], 
              [0.00450843, 0.00797542, 0.00317343, 0.984344], 
              [0.00892842, 0.00521842, 0.946914, 0.0389384], 
              [0.984829, 0.00497642, 0.00495842, 0.00523642], 
              [0.0443304, 0.761394, 0.149356, 0.0449194], 
              [0.0183774, 0.00282643, 0.0103674, 0.968429], 
              [0.0543163, 0.931172, 0.00482043, 0.00969142], 
              [0.977929, 0.00596442, 0.00981342, 0.00629342], 
              [0.0470874, 0.180285, 0.113261, 0.659367], 
              [0.254347, 0.271146, 0.213485, 0.261022], 
              [0.241951, 0.305768, 0.191831, 0.26045]
            ]
          }, {
            "db": 0,
            "id": "MA0478.1",
            "alt": "FOSL2",
            "len": 11,
            "nsites": 5318,
            "url": "http://jaspar.genereg.net/matrix/MA0478.1",
            "pwm": [
              [0.15664, 0.186913, 0.39225, 0.264197], 
              [0.286761, 0.111323, 0.509021, 0.092895], 
              [0.537979, 0.0103465, 0.437755, 0.0139194], 
              [4.70093e-06, 4.70093e-06, 4.70093e-06, 0.999986], 
              [4.70093e-06, 4.70093e-06, 0.999986, 4.70093e-06], 
              [0.954293, 0.00959452, 0.036108, 4.70093e-06], 
              [4.70093e-06, 0.617894, 0.345617, 0.036484], 
              [4.70093e-06, 4.70093e-06, 4.70093e-06, 0.999986], 
              [0.038552, 0.961439, 4.70093e-06, 4.70093e-06], 
              [0.999986, 4.70093e-06, 4.70093e-06, 4.70093e-06], 
              [4.70093e-06, 0.263069, 0.363481, 0.373447]
            ]
          }, {
            "db": 0,
            "id": "MA0485.1",
            "alt": "Hoxc9",
            "len": 13,
            "nsites": 885,
            "url": "http://jaspar.genereg.net/matrix/MA0485.1",
            "pwm": [
