Query_ID	Target_ID	Optimal_offset	p-value	E-value	q-value	Overlap	Query_consensus	Target_consensus	Orientation
5379_3452_26.1365_14.9361	MA0139.1	-22	5.48835e-10	5.54872e-07	1.10974e-06	19	GAGGGGGGTGCAATCCCAATTTTCCCCACGAGGGGGCGCTATTGCCCCATTATAAAAACAGGCGCGGGGGTTTGTTAATTGGACGAGAGCGCCCCCTCGCGGGGGATAGGGGGAAATGGCCCCACGGGCCGGGGGCGGGGGGGG	TGGCCACCAGGGGGCGCTA	+
5379_3452_26.1365_14.9361	MA0068.1	-100	8.60663e-08	8.7013e-05	8.7013e-05	30	GAGGGGGGTGCAATCCCAATTTTCCCCACGAGGGGGCGCTATTGCCCCATTATAAAAACAGGCGCGGGGGTTTGTTAATTGGACGAGAGCGCCCCCTCGCGGGGGATAGGGGGAAATGGCCCCACGGGCCGGGGGCGGGGGGGG	GGGGGGGGAGTGGAGTATTGGAAATTTTTC	-
5379_3452_26.1365_14.9361	MA1102.1	-26	1.96151e-06	0.00198309	0.000991543	14	GAGGGGGGTGCAATCCCAATTTTCCCCACGAGGGGGCGCTATTGCCCCATTATAAAAACAGGCGCGGGGGTTTGTTAATTGGACGAGAGCGCCCCCTCGCGGGGGATAGGGGGAAATGGCCCCACGGGCCGGGGGCGGGGGGGG	CACCAGGGGGCACC	+
5379_3452_26.1365_14.9361	MA1102.2	-27	3.53496e-05	0.0357384	0.0142954	12	GAGGGGGGTGCAATCCCAATTTTCCCCACGAGGGGGCGCTATTGCCCCATTATAAAAACAGGCGCGGGGGTTTGTTAATTGGACGAGAGCGCCCCCTCGCGGGGGATAGGGGGAAATGGCCCCACGGGCCGGGGGCGGGGGGGG	AGCAGGGGGCGC	+
5379_3452_26.1365_14.9361	MA0615.1	-67	0.000936397	0.946697	0.315566	17	GAGGGGGGTGCAATCCCAATTTTCCCCACGAGGGGGCGCTATTGCCCCATTATAAAAACAGGCGCGGGGGTTTGTTAATTGGACGAGAGCGCCCCCTCGCGGGGGATAGGGGGAAATGGCCCCACGGGCCGGGGGCGGGGGGGG	GAGTGTACGTAAGATGG	+

# Tomtom (Motif Comparison Tool): Version 5.1.0 compiled on Oct  9 2020 at 08:11:46
# The format of this file is described at http://meme-suite.org//doc/tomtom-output-format.html.
# tomtom -no-ssc -o result/x5379/x5379.out result/x5379/x5379.meme ../../JASPAR2020.txt
