<!DOCTYPE HTML>
<html>
  <head>
    <meta charset="UTF-8">
    <title>TOMTOM</title>
    <script>
      // @JSON_VAR data
      var data = {
        "program": "Tomtom",
        "version": "5.1.0",
        "release": "Fri Oct 11 15:53:28 2019 -0700",
        "cmd": [
          "tomtom", "-o", "basset", "ppm.basset.meme", "../../JASPAR2020.txt"
        ],
        "options": {
          "strands": "both",
          "distance_measure": "ed",
          "threshold_type": "qvalue",
          "threshold_value": 0.5,
          "background_source": "--query--"
        },
        "alphabet": {
          "name": "DNA",
          "like": "dna",
          "ncore": 4,
          "symbols": [
            {
              "symbol": "A",
              "name": "Adenine",
              "colour": "CC0000",
              "complement": "T"
            }, {
              "symbol": "C",
              "name": "Cytosine",
              "colour": "0000CC",
              "complement": "G"
            }, {
              "symbol": "G",
              "name": "Guanine",
              "colour": "FFB300",
              "complement": "C"
            }, {
              "symbol": "T",
              "aliases": "U",
              "name": "Thymine",
              "colour": "008000",
              "complement": "A"
            }, {
              "symbol": "N",
              "aliases": "X.",
              "name": "Any base",
              "equals": "ACGT"
            }, {
              "symbol": "V",
              "name": "Not T",
              "equals": "ACG"
            }, {
              "symbol": "H",
              "name": "Not G",
              "equals": "ACT"
            }, {
              "symbol": "D",
              "name": "Not C",
              "equals": "AGT"
            }, {
              "symbol": "B",
              "name": "Not A",
              "equals": "CGT"
            }, {
              "symbol": "M",
              "name": "Amino",
              "equals": "AC"
            }, {
              "symbol": "R",
              "name": "Purine",
              "equals": "AG"
            }, {
              "symbol": "W",
              "name": "Weak",
              "equals": "AT"
            }, {
              "symbol": "S",
              "name": "Strong",
              "equals": "CG"
            }, {
              "symbol": "Y",
              "name": "Pyrimidine",
              "equals": "CT"
            }, {
              "symbol": "K",
              "name": "Keto",
              "equals": "GT"
            }
          ]
        },
        "background": [0.25, 0.25, 0.25, 0.25],
        "query_dbs": [
          {
            "source": "ppm.basset.meme",
            "name": "ppm.basset",
            "loaded": 300,
            "excluded": 0,
            "last_modified": "Fri Oct  9 21:23:42 2020"
          }
        ],
        "target_dbs": [
          {
            "source": "../../JASPAR2020.txt",
            "name": "JASPAR2020.txt",
            "loaded": 1011,
            "excluded": 0,
            "last_modified": "Wed Sep 23 18:44:45 2020"
          }
        ],
        "queries": [
          {
            "db": 0,
            "id": "0000_14826_32.6526_4.7292",
            "len": 19,
            "nsites": 14201,
            "pwm": [
              [7.17599e-05, 0.911762, 0.0850652, 0.00309974], 
              [0.00436773, 1.76043e-06, 0.470458, 0.525172], 
              [0.127738, 0.104219, 0.761703, 0.00633972], 
              [7.17599e-05, 0.622488, 1.76043e-06, 0.377437], 
              [0.410322, 1.76043e-06, 0.589675, 1.76043e-06], 
              [0.380183, 0.00655071, 0.613264, 1.76043e-06], 
              [1.76043e-06, 0.217661, 7.17599e-05, 0.782265], 
              [1.76043e-06, 0.608264, 1.76043e-06, 0.391732], 
              [0.00387473, 0.425251, 0.562071, 0.0088037], 
              [0.00190275, 0.801066, 0.189564, 0.00746571], 
              [1.76043e-06, 0.150624, 0.847612, 0.00176175], 
              [0.880216, 0.00338174, 0.106895, 0.00950769], 
              [0.620798, 0.00317074, 0.00331174, 0.372719], 
              [0.187029, 0.0179576, 0.786279, 0.0087337], 
              [0.560592, 7.17599e-05, 0.438067, 0.00126975], 
              [0.205971, 0.0876001, 1.76043e-06, 0.706426], 
              [0.473697, 1.76043e-06, 0.0118317, 0.514469], 
              [0.618052, 0.00331174, 0.375254, 0.00338174], 
              [0.303007, 0.68354, 1.76043e-06, 0.0134517]
            ]
          }, {
            "db": 0,
            "id": "0001_34000_56.4159_-2.0351",
            "len": 19,
            "nsites": 34000,
            "pwm": [
              [0.248912, 0.240559, 0.255765, 0.254765], 
              [0.258853, 0.247912, 0.238471, 0.254765], 
              [0.0642065, 0.0551476, 0.0669125, 0.813733], 
              [0.266206, 0.241559, 0.242235, 0.25], 
              [0.257853, 0.253882, 0.249618, 0.238647], 
              [0.246059, 0.244706, 0.255588, 0.253647], 
              [0.251118, 0.262529, 0.242176, 0.244176], 
              [0.242853, 0.256912, 0.252735, 0.2475], 
              [0.247382, 0.261265, 0.248441, 0.242912], 
              [0.247912, 0.251706, 0.249, 0.251382], 
              [0.245529, 0.258559, 0.236676, 0.259235], 
              [0.251176, 0.234382, 0.271265, 0.243176], 
              [0.2485, 0.252412, 0.249618, 0.249471], 
              [0.244118, 0.247235, 0.255735, 0.252912], 
              [0.259618, 0.232882, 0.249353, 0.258147], 
              [0.272676, 0.254324, 0.2225, 0.2505], 
              [0.251559, 0.254147, 0.250765, 0.243529], 
              [0.245324, 0.255647, 0.255088, 0.243941], 
              [0.253794, 0.250765, 0.245853, 0.249588]
            ]
          }, {
            "db": 0,
            "id": "0002_3403_23.9227_4.0371",
            "len": 19,
            "nsites": 3247,
            "pwm": [
              [7.69918e-06, 0.0209491, 0.021565, 0.957477], 
              [7.69918e-06, 0.439477, 7.69918e-06, 0.560507], 
              [0.0437394, 0.923293, 0.0329597, 7.69918e-06], 
              [0.44194, 0.503842, 0.05421, 7.69918e-06], 
              [7.69918e-06, 0.984886, 7.69918e-06, 0.0150982], 
              [0.614402, 0.348627, 0.0369636, 7.69918e-06], 
              [7.69918e-06, 0.76315, 0.236834, 7.69918e-06], 
              [0.118267, 0.799182, 7.69918e-06, 0.0825432], 
              [0.0619088, 0.382811, 0.555273, 7.69918e-06], 
              [7.69918e-06, 0.517085, 0.239914, 0.242994], 
              [0.0585219, 0.87833, 7.69918e-06, 0.0631408], 
              [0.168466, 7.69918e-06, 7.69918e-06, 0.831519], 
              [0.294117, 7.69918e-06, 0.150604, 0.555273], 
              [0.00678249, 7.69918e-06, 0.054826, 0.938384], 
              [0.0425074, 0.932224, 7.69918e-06, 0.0252609], 
              [0.0194101, 0.889724, 0.0908579, 7.69918e-06], 
              [0.0465103, 0.647971, 0.0637567, 0.241762], 
              [0.022181, 0.0298808, 0.902967, 0.0449713], 
              [7.69918e-06, 0.113647, 0.491216, 0.39513]
            ]
          }, {
            "db": 0,
            "id": "0003_27855_28.3721_4.1153",
            "len": 19,
            "nsites": 27132,
            "pwm": [
              [0.320765, 0.330016, 0.118532, 0.230687], 
              [0.242223, 0.195747, 0.193978, 0.368052], 
              [0.347081, 0.0303338, 0.369011, 0.253575], 
              [0.3553, 0.157305, 0.0887516, 0.398643], 
              [0.181151, 0.425216, 0.390608, 0.00302291], 
              [0.00036992, 0.293639, 0.00375991, 0.702232], 
              [0.736877, 0.262126, 0.00051692, 0.00047992], 
              [0.600581, 0.000111921, 0.000111921, 0.399196], 
              [0.000147921, 0.00047992, 0.249889, 0.749482], 
              [0.466422, 0.00283891, 0.53048, 0.00025892], 
              [0.00210191, 0.60412, 0.389981, 0.00379691], 
              [0.716016, 0.0052719, 0.00346591, 0.275247], 
              [0.276795, 0.184948, 0.227517, 0.31074], 
              [0.427981, 0.0937646, 0.282692, 0.195562], 
              [0.124908, 0.0044609, 0.465722, 0.404908], 
              [0.30171, 0.299867, 0.393114, 0.0053079], 
              [0.0049769, 0.249558, 0.390903, 0.354563], 
              [0.00416591, 0.302116, 0.414012, 0.279707], 
              [0.143631, 0.208831, 0.34955, 0.297988]
            ]
          }, {
            "db": 0,
            "id": "0004_784_33.8267_5.0968",
            "len": 19,
            "nsites": 776,
            "pwm": [
              [0.0721879, 0.927748, 3.22123e-05, 3.22123e-05], 
              [0.418792, 3.22123e-05, 3.22123e-05, 0.581143], 
              [0.931613, 0.0683224, 3.22123e-05, 3.22123e-05], 
              [3.22123e-05, 0.123727, 0.685511, 0.19073], 
              [0.733185, 3.22123e-05, 0.266751, 3.22123e-05], 
              [3.22123e-05, 3.22123e-05, 0.999903, 3.22123e-05], 
              [3.22123e-05, 0.999903, 3.22123e-05, 3.22123e-05], 
              [3.22123e-05, 3.22123e-05, 0.999903, 3.22123e-05], 
              [3.22123e-05, 0.999903, 3.22123e-05, 3.22123e-05], 
              [3.22123e-05, 0.8659, 0.134036, 3.22123e-05], 
              [0.315714, 0.684222, 3.22123e-05, 3.22123e-05], 
              [3.22123e-05, 0.679069, 3.22123e-05, 0.320867], 
              [3.22123e-05, 0.751224, 3.22123e-05, 0.248711], 
              [3.22123e-05, 3.22123e-05, 3.22123e-05, 0.999903], 
              [0.810495, 3.22123e-05, 0.189441, 3.22123e-05], 
              [0.19073, 0.184286, 0.431678, 0.193306], 
              [0.189441, 0.207479, 0.199748, 0.403331], 
              [3.22123e-05, 3.22123e-05, 0.999903, 3.22123e-05], 
              [3.22123e-05, 3.22123e-05, 0.999903, 3.22123e-05]
            ]
          }, {
            "db": 0,
            "id": "0005_15000_43.9447_3.0271",
            "len": 19,
            "nsites": 14691,
            "pwm": [
              [0.264516, 0.196515, 0.264107, 0.274862], 
              [0.229528, 0.267647, 0.253625, 0.2492], 
              [0.247635, 0.195358, 0.221768, 0.335238], 
              [0.294806, 0.249064, 0.109728, 0.346402], 
              [0.206317, 0.299639, 0.256415, 0.237628], 
              [0.175959, 0.349601, 0.318222, 0.156219], 
              [0.145056, 0.45116, 0.231298, 0.172488], 
              [0.221632, 0.428493, 0.0481944, 0.301681], 
              [0.326457, 0.235654, 0.228711, 0.209176], 
              [0.590291, 0.00912264, 0.268328, 0.132259], 
              [0.524537, 0.169561, 0.191614, 0.114289], 
              [0.325504, 0.0140236, 0.0108246, 0.649646], 
              [0.224491, 0.0100756, 0.0117776, 0.753656], 
              [0.0106886, 0.674628, 0.0773952, 0.237288], 
              [0.181744, 0.00544766, 0.286434, 0.526375], 
              [0.213192, 0.298686, 0.240487, 0.247635], 
              [0.248043, 0.337485, 0.209652, 0.204819], 
              [0.238377, 0.260908, 0.293377, 0.207338], 
              [0.28235, 0.24464, 0.219318, 0.253693]
            ]
          }, {
            "db": 0,
            "id": "0006_23059_37.6639_4.5879",
            "len": 19,
            "nsites": 22157,
            "pwm": [
              [0.27937, 0.323013, 0.027261, 0.370356], 
              [0.000227127, 0.641285, 0.0127731, 0.345715], 
              [0.637359, 0.000588126, 0.361149, 0.000904124], 
              [0.398022, 0.158686, 0.405108, 0.038183], 
              [0.433316, 1.12831e-06, 0.000452126, 0.566231], 
              [0.689712, 0.302523, 0.0061391, 0.00162612], 
              [0.00230312, 0.719274, 0.278377, 4.61281e-05], 
              [0.000588126, 4.61281e-05, 0.407004, 0.592362], 
              [0.15318, 0.827907, 0.018731, 0.000182127], 
              [0.00117412, 0.00189712, 0.786115, 0.210814], 
              [9.11279e-05, 0.00293512, 0.524619, 0.472355], 
              [0.608564, 0.224489, 0.000136128, 0.16681], 
              [0.579049, 0.331543, 0.0881897, 0.00122012], 
              [0.000317127, 0.193077, 0.722659, 0.0839467], 
              [0.00365711, 0.00248312, 0.000227127, 0.993633], 
              [0.534367, 0.22318, 0.242361, 9.11279e-05], 
              [9.11279e-05, 0.168705, 0.394412, 0.436791], 
              [0.603193, 0.00298011, 0.00153612, 0.39229], 
              [0.00122012, 0.000362127, 0.61583, 0.382587]
            ]
          }, {
            "db": 0,
            "id": "0007_29937_31.4803_3.4648",
            "len": 19,
            "nsites": 29133,
            "pwm": [
              [0.279031, 0.160883, 0.269866, 0.290221], 
              [0.0917525, 0.0933315, 0.452922, 0.361995], 
              [0.196066, 0.53568, 0.26403, 0.00422284], 
              [0.253561, 0.416125, 0.0816266, 0.248687], 
              [0.3737, 0.263962, 0.362064, 0.000275857], 
              [0.000240857, 0.00109885, 0.998384, 0.000275857], 
              [0.238355, 0.000858855, 0.760613, 0.000172858], 
              [0.00370785, 0.677821, 0.000755856, 0.317715], 
              [0.448357, 0.00219785, 0.00247185, 0.546973], 
              [0.0179528, 0.315656, 0.000789855, 0.665602], 
              [0.603198, 0.000549856, 0.323345, 0.0729076], 
              [0.554731, 0.11523, 0.185597, 0.144441], 
              [0.36529, 0.348196, 0.000687856, 0.285827], 
              [0.510966, 0.2699, 0.107507, 0.111626], 
              [0.316102, 0.234717, 0.0422897, 0.406892], 
              [0.115059, 0.711871, 0.0219688, 0.1511], 
              [0.260323, 0.143926, 0.260186, 0.335564], 
              [0.350015, 0.266845, 0.0872556, 0.295884], 
              [0.252154, 0.140425, 0.225449, 0.381972]
            ]
          }, {
            "db": 0,
            "id": "0008_17103_35.4692_3.3437",
            "len": 19,
            "nsites": 16352,
            "pwm": [
              [0.80681, 0.00159152, 0.00250851, 0.18909], 
              [0.599313, 1.52886e-06, 0.00214152, 0.398544], 
              [0.084456, 0.000123528, 6.25285e-05, 0.915358], 
              [0.00348751, 0.0042825, 0.664625, 0.327605], 
              [0.292869, 0.489236, 0.213124, 0.0047715], 
              [0.729571, 0.269141, 1.52886e-06, 0.00128552], 
              [0.228107, 6.25285e-05, 6.25285e-05, 0.771768], 
              [0.537425, 0.0047715, 0.455173, 0.00263151], 
              [0.979081, 0.00128552, 1.52886e-06, 0.0196324], 
              [0.169398, 6.25285e-05, 0.0203044, 0.810234], 
              [0.085556, 0.00275351, 1.52886e-06, 0.911689], 
              [0.212512, 0.731467, 0.00758448, 0.0484352], 
              [0.561275, 6.25285e-05, 1.52886e-06, 0.438661], 
              [0.312011, 6.25285e-05, 0.00379351, 0.684133], 
              [0.359955, 0.19967, 0.111486, 0.328889], 
              [0.280333, 0.447161, 6.25285e-05, 0.272444], 
              [0.800205, 0.083844, 6.25285e-05, 0.115889], 
              [0.488747, 0.00336551, 0.000123528, 0.507765], 
              [0.53877, 0.00226452, 0.0442163, 0.414749]
            ]
          }, {
            "db": 0,
            "id": "0009_25555_23.1802_3.9443",
            "len": 19,
            "nsites": 25202,
            "pwm": [
              [0.0363868, 0.0128569, 0.010159, 0.940597], 
              [0.349456, 0.00690496, 0.162051, 0.481588], 
              [0.00170699, 0.496904, 4.09918e-05, 0.501348], 
              [0.531465, 0.00194498, 0.306603, 0.159987], 
              [0.132847, 0.000278991, 0.864533, 0.00234198], 
              [0.39219, 0.0671777, 0.540631, 9.91981e-07], 
              [9.91981e-07, 0.240378, 0.010516, 0.749105], 
              [0.696768, 0.30323, 9.91981e-07, 9.91981e-07], 
              [0.47139, 9.91981e-07, 0.528608, 9.91981e-07], 
              [9.91981e-07, 0.147488, 0.85247, 4.09918e-05], 
              [0.998846, 9.91981e-07, 9.91981e-07, 0.00115199], 
              [0.630861, 0.366161, 0.000119992, 0.00285798], 
              [0.585032, 0.408022, 0.00694496, 9.91981e-07], 
              [9.91981e-07, 0.379969, 0.00500097, 0.61503], 
              [0.439448, 0.175859, 0.379374, 0.00531797], 
              [0.00817496, 0.559478, 0.419132, 0.0132139], 
              [0.00226298, 0.566065, 0.355289, 0.0763837], 
              [0.0111509, 0.929288, 0.0306329, 0.0289269], 
              [0.274938, 0.460518, 0.00742096, 0.257122]
            ]
          }, {
            "db": 0,
            "id": "0010_27000_55.5051_-0.8732",
            "len": 19,
            "nsites": 27000,
            "pwm": [
              [0.242889, 0.170926, 0.26963, 0.316556], 
              [0.261148, 0.268963, 0.285926, 0.183963], 
              [0.287519, 0.266704, 0.222444, 0.223333], 
              [0.270222, 0.227074, 0.307444, 0.195259], 
              [0.13137, 0.336667, 0.277185, 0.254778], 
              [0.358111, 0.0106679, 0.543332, 0.0878896], 
              [0.198704, 0.223074, 0.392814, 0.185407], 
              [0.195815, 0.204667, 0.406962, 0.192556], 
              [0.155704, 0.201741, 0.0614077, 0.581147], 
              [0.46574, 0.169, 0.112297, 0.252963], 
              [0.31437, 0.347963, 0.106112, 0.231556], 
              [0.297667, 0.331778, 0.181667, 0.188889], 
              [0.27963, 0.231148, 0.217259, 0.271963], 
              [0.269074, 0.220556, 0.293074, 0.217296], 
              [0.310444, 0.257037, 0.206926, 0.225593], 
              [0.224481, 0.240815, 0.267259, 0.267444], 
              [0.233667, 0.270296, 0.257926, 0.238111], 
              [0.226593, 0.279667, 0.242519, 0.251222], 
              [0.278556, 0.176704, 0.290667, 0.254074]
            ]
          }, {
            "db": 0,
            "id": "0011_25000_97.0764_-3.4905",
            "len": 19,
            "nsites": 25000,
            "pwm": [
              [0.26912, 0.21356, 0.22388, 0.29344], 
              [0.30284, 0.20308, 0.18252, 0.31156], 
              [0.3086, 0.21864, 0.20092, 0.27184], 
              [0.28816, 0.20728, 0.2086, 0.29596], 
              [0.30724, 0.2032, 0.17924, 0.31032], 
              [0.30016, 0.2068, 0.19008, 0.30296], 
              [0.3096, 0.1928, 0.19468, 0.30292], 
              [0.30428, 0.21728, 0.18992, 0.28852], 
              [0.29356, 0.19052, 0.19664, 0.31928], 
              [0.33312, 0.20296, 0.18492, 0.279], 
              [0.29332, 0.19556, 0.18784, 0.32328], 
              [0.34036, 0.18408, 0.18712, 0.28844], 
              [0.30148, 0.1938, 0.20216, 0.30256], 
              [0.30936, 0.18904, 0.18788, 0.31372], 
              [0.29856, 0.20436, 0.21456, 0.28252], 
              [0.28236, 0.1996, 0.2026, 0.31544], 
              [0.30888, 0.19164, 0.214, 0.28548], 
              [0.26944, 0.20392, 0.21872, 0.30792], 
              [0.30464, 0.19204, 0.2324, 0.27092]
            ]
          }, {
            "db": 0,
            "id": "0012_20869_34.9552_4.6274",
            "len": 19,
            "nsites": 20030,
            "pwm": [
              [0.32641, 0.00599222, 0.331303, 0.336296], 
              [0.0727419, 0.34668, 0.00599222, 0.574586], 
              [0.791709, 0.000301247, 0.00219824, 0.205791], 
              [0.000400246, 0.000600245, 0.228707, 0.770292], 
              [0.0625569, 5.12479e-05, 0.0775349, 0.859857], 
              [0.818969, 0.178183, 0.000101248, 0.00274723], 
              [0.000101248, 0.573488, 0.257713, 0.168697], 
              [0.4995, 0.357213, 0.000650245, 0.142637], 
              [0.371042, 0.00304623, 0.506739, 0.119172], 
              [0.228807, 0.33994, 0.049127, 0.382126], 
              [0.236296, 0.245332, 0.514927, 0.00344623], 
              [0.0221181, 0.59181, 0.300499, 0.0855728], 
              [0.00419523, 0.186221, 0.807136, 0.00244724], 
              [0.0765359, 0.311283, 0.539939, 0.0722429], 
              [0.266101, 0.353818, 0.301448, 0.0786329], 
              [0.510983, 0.477682, 0.00669121, 0.00464422], 
              [0.424462, 0.526809, 0.042288, 0.00644122], 
              [0.00279723, 0.466549, 0.338342, 0.192312], 
              [0.37908, 0.370393, 0.0214691, 0.229056]
            ]
          }, {
            "db": 0,
            "id": "0013_14000_123.6316_-3.4057",
            "len": 19,
            "nsites": 14000,
            "pwm": [
              [0.251857, 0.247786, 0.244857, 0.2555], 
              [0.247, 0.258429, 0.244071, 0.2505], 
              [0.247929, 0.248429, 0.255714, 0.247929], 
              [0.242714, 0.254929, 0.251643, 0.250714], 
              [0.257071, 0.253857, 0.244714, 0.244357], 
              [0.249286, 0.252143, 0.248929, 0.249643], 
              [0.254929, 0.251143, 0.250714, 0.243214], 
              [0.252, 0.261, 0.241786, 0.245214], 
              [0.274643, 0.245929, 0.247929, 0.2315], 
              [0.239429, 0.254571, 0.271571, 0.234429], 
              [0.240643, 0.229143, 0.300786, 0.229429], 
              [0.237571, 0.231286, 0.236714, 0.294429], 
              [0.261786, 0.232286, 0.2655, 0.240429], 
              [0.256429, 0.245071, 0.244571, 0.253929], 
              [0.250786, 0.248, 0.250714, 0.2505], 
              [0.246571, 0.249286, 0.253714, 0.250429], 
              [0.250929, 0.254571, 0.239643, 0.254857], 
              [0.247429, 0.249143, 0.246, 0.257429], 
              [0.259429, 0.251214, 0.241786, 0.247571]
            ]
          }, {
            "db": 0,
            "id": "0014_12578_35.3658_5.0296",
            "len": 19,
            "nsites": 11869,
            "pwm": [
              [0.78237, 0.014831, 0.200438, 0.00236109], 
              [0.277951, 0.000423103, 0.721624, 2.10631e-06], 
              [0.012724, 2.10631e-06, 0.935877, 0.0513957], 
              [0.156796, 0.373409, 0.00396207, 0.465833], 
              [2.10631e-06, 0.461873, 0.536943, 0.0011821], 
              [0.0390108, 0.011882, 8.61056e-05, 0.949021], 
              [0.00413007, 0.271716, 2.10631e-06, 0.724151], 
              [2.10631e-06, 0.997551, 0.00143409, 0.0010131], 
              [0.274665, 0.00792204, 0.710502, 0.00691105], 
              [2.10631e-06, 0.553708, 0.439041, 0.00724805], 
              [0.011545, 0.312241, 0.58901, 0.0872034], 
              [0.388996, 2.10631e-06, 0.611, 2.10631e-06], 
              [0.291094, 0.00834304, 8.61056e-05, 0.700476], 
              [0.286376, 0.494648, 0.218974, 2.10631e-06], 
              [0.307187, 0.00413007, 0.684384, 0.00429907], 
              [0.00598406, 0.403487, 8.61056e-05, 0.590443], 
              [8.61056e-05, 0.993085, 0.00598406, 0.000845099], 
              [0.0519017, 2.10631e-06, 0.102537, 0.845559], 
              [0.660373, 2.10631e-06, 2.10631e-06, 0.339623]
            ]
          }, {
            "db": 0,
            "id": "0015_33111_32.1163_4.3184",
            "len": 19,
            "nsites": 32369,
            "pwm": [
              [0.388798, 0.611201, 7.72342e-07, 7.72342e-07], 
              [7.72342e-07, 0.107263, 0.107757, 0.784977], 
              [0.882849, 0.114554, 3.17722e-05, 0.00256476], 
              [0.363589, 0.630942, 0.00219377, 0.00327576], 
              [0.239272, 0.46044, 0.141092, 0.159196], 
              [6.27721e-05, 0.213939, 0.00114377, 0.784854], 
              [0.101393, 0.604343, 7.72342e-07, 0.294263], 
              [7.72342e-07, 9.37721e-05, 0.434767, 0.565138], 
              [0.226389, 0.522629, 0.250888, 9.37721e-05], 
              [6.27721e-05, 0.775555, 0.158392, 0.0659896], 
              [0.000124772, 0.768109, 7.72342e-07, 0.231765], 
              [0.131422, 0.388211, 0.480366, 7.72342e-07], 
              [0.435941, 6.27721e-05, 0.563934, 6.27721e-05], 
              [0.819826, 0.177021, 0.000371771, 0.00278076], 
              [0.579257, 0.00324476, 0.413141, 0.00435676], 
              [0.195125, 0.168278, 3.17722e-05, 0.636565], 
              [0.0747635, 0.00766275, 0.910406, 0.00716775], 
              [0.485124, 0.00253376, 7.72342e-07, 0.512341], 
              [0.00358476, 0.0466196, 0.150113, 0.799683]
            ]
          }, {
            "db": 0,
            "id": "0016_6346_28.9925_4.3720",
            "len": 19,
            "nsites": 6081,
            "pwm": [
              [0.0152979, 0.541847, 4.1111e-06, 0.442852], 
              [0.598251, 0.394505, 4.1111e-06, 0.00723999], 
              [0.380199, 0.619793, 4.1111e-06, 4.1111e-06], 
              [0.56898, 0.00954195, 0.421474, 4.1111e-06], 
              [0.660411, 0.0100349, 0.32955, 4.1111e-06], 
              [0.977294, 4.1111e-06, 0.0226977, 4.1111e-06], 
              [0.983543, 0.00362205, 0.0128309, 4.1111e-06], 
              [0.00345705, 0.512576, 4.1111e-06, 0.483962], 
              [4.1111e-06, 0.755131, 4.1111e-06, 0.244861], 
              [0.0162838, 0.61042, 4.1111e-06, 0.373292], 
              [0.0246707, 0.973512, 0.00181308, 4.1111e-06], 
              [0.968085, 0.00625301, 0.0256577, 4.1111e-06], 
              [0.0217108, 0.823869, 0.154417, 4.1111e-06], 
              [0.373292, 0.6267, 4.1111e-06, 4.1111e-06], 
              [0.00378605, 0.987326, 0.00576002, 0.00312806], 
              [0.470971, 0.521785, 0.00723999, 4.1111e-06], 
              [4.1111e-06, 0.55566, 0.444332, 4.1111e-06], 
              [0.547602, 0.447621, 4.1111e-06, 0.00477303], 
              [0.00921296, 0.00312806, 0.608118, 0.379541]
            ]
          }, {
            "db": 0,
            "id": "0017_25144_28.9504_2.8101",
            "len": 19,
            "nsites": 24559,
            "pwm": [
              [0.00667899, 0.770143, 0.217273, 0.00590499], 
              [0.363696, 0.159412, 0.245653, 0.231239], 
              [0.00305501, 0.47343, 0.521681, 0.00183301], 
              [0.0803377, 0.917176, 0.00244401, 4.20178e-05], 
              [0.427867, 8.20176e-05, 0.000612015, 0.571439], 
              [0.003829, 0.370658, 0.625471, 4.20178e-05], 
              [0.849218, 4.20178e-05, 4.20178e-05, 0.150698], 
              [0.003381, 0.343051, 0.653567, 1.01795e-06], 
              [0.0315169, 1.01795e-06, 1.01795e-06, 0.968481], 
              [0.00802199, 0.604869, 0.004684, 0.382425], 
              [0.763669, 1.01795e-06, 0.236125, 0.000205017], 
              [1.01795e-06, 0.114338, 0.277861, 0.607801], 
              [0.944091, 0.00724899, 0.0485778, 8.20176e-05], 
              [0.3492, 0.247608, 0.391424, 0.011769], 
              [0.00741199, 0.39293, 0.596237, 0.003421], 
              [0.47457, 0.464594, 0.00154801, 0.0592868], 
              [0.0540338, 0.342481, 0.392727, 0.210758], 
              [0.711957, 0.0980906, 0.00317701, 0.186775], 
              [0.00675999, 0.986438, 0.00150801, 0.005294]
            ]
          }, {
            "db": 0,
            "id": "0018_1163_28.0757_3.1826",
            "len": 19,
            "nsites": 1133,
            "pwm": [
              [2.20634e-05, 0.999934, 2.20634e-05, 2.20634e-05], 
              [2.20634e-05, 2.20634e-05, 0.892264, 0.107692], 
              [0.0653293, 0.934627, 2.20634e-05, 2.20634e-05], 
              [2.20634e-05, 0.999934, 2.20634e-05, 2.20634e-05], 
              [0.52513, 0.0882753, 0.386572, 2.20634e-05], 
              [2.20634e-05, 0.703402, 0.290376, 0.00619952], 
              [2.20634e-05, 0.97081, 0.0291455, 2.20634e-05], 
              [2.20634e-05, 0.463353, 2.20634e-05, 0.536603], 
              [0.206535, 2.20634e-05, 0.633682, 0.159761], 
              [2.20634e-05, 0.012378, 0.817249, 0.170351], 
              [0.0997483, 0.426286, 2.20634e-05, 0.473943], 
              [2.20634e-05, 2.20634e-05, 0.999934, 2.20634e-05], 
              [2.20634e-05, 2.20634e-05, 0.999934, 2.20634e-05], 
              [2.20634e-05, 0.842843, 2.20634e-05, 0.157113], 
              [0.114752, 0.747529, 0.137698, 2.20634e-05], 
              [0.437759, 2.20634e-05, 0.562196, 2.20634e-05], 
              [0.119165, 0.872849, 0.00796536, 2.20634e-05], 
              [0.107692, 0.0873934, 2.20634e-05, 0.804894], 
              [2.20634e-05, 0.52513, 0.045914, 0.428934]
            ]
          }, {
            "db": 0,
            "id": "0019_34000_35.6484_-1.7086",
            "len": 19,
            "nsites": 34000,
            "pwm": [
              [0.220324, 0.255206, 0.255412, 0.269059], 
              [0.241265, 0.262912, 0.265559, 0.230265], 
              [0.232412, 0.249294, 0.246441, 0.271853], 
              [0.249618, 0.238382, 0.248882, 0.263118], 
              [0.238059, 0.254471, 0.238088, 0.269382], 
              [0.253471, 0.237176, 0.258441, 0.250912], 
              [0.294471, 0.218147, 0.235676, 0.251706], 
              [0.225676, 0.279059, 0.241088, 0.254176], 
              [0.240088, 0.265147, 0.252765, 0.242], 
              [0.255529, 0.240794, 0.265941, 0.237735], 
              [0.792616, 0.0147947, 0.151765, 0.0408246], 
              [0.241353, 0.268471, 0.222676, 0.2675], 
              [0.248088, 0.263294, 0.241647, 0.246971], 
              [0.217882, 0.282647, 0.252912, 0.246559], 
              [0.260147, 0.258441, 0.221029, 0.260382], 
              [0.239441, 0.233441, 0.270382, 0.256735], 
              [0.241235, 0.258088, 0.247647, 0.253029], 
              [0.234735, 0.247265, 0.253353, 0.264647], 
              [0.2485, 0.2455, 0.258853, 0.247147]
            ]
          }, {
            "db": 0,
            "id": "0020_18000_17.3319_-1.7862",
            "len": 19,
            "nsites": 18000,
            "pwm": [
              [0.220833, 0.2695, 0.209889, 0.299778], 
              [0.276333, 0.239333, 0.264389, 0.219944], 
              [0.243722, 0.218389, 0.252444, 0.285444], 
              [0.242556, 0.281167, 0.260056, 0.216222], 
              [0.242056, 0.201833, 0.301722, 0.254389], 
              [0.262167, 0.241278, 0.246889, 0.249667], 
              [0.160222, 0.397832, 0.0222233, 0.419721], 
              [0.261444, 0.250833, 0.267611, 0.220111], 
              [0.226778, 0.294611, 0.220056, 0.258556], 
              [0.245444, 0.235222, 0.2755, 0.243833], 
              [0.232167, 0.318667, 0.247778, 0.201389], 
              [0.247444, 0.2075, 0.276444, 0.268611], 
              [0.252667, 0.233444, 0.256889, 0.257], 
              [0.264333, 0.252889, 0.243389, 0.239389], 
              [0.3125, 0.240111, 0.219056, 0.228333], 
              [0.286944, 0.171111, 0.273, 0.268944], 
              [0.235889, 0.235778, 0.291722, 0.236611], 
              [0.254944, 0.310056, 0.198333, 0.236667], 
              [0.241333, 0.237278, 0.226556, 0.294833]
            ]
          }, {
            "db": 0,
            "id": "0021_22718_27.1812_2.5492",
            "len": 19,
            "nsites": 22190,
            "pwm": [
              [0.256106, 0.244705, 0.254484, 0.244705], 
              [0.999997, 1.12663e-06, 1.12663e-06, 1.12663e-06], 
              [0.0133851, 0.0144221, 0.0138361, 0.958357], 
              [0.248265, 0.247679, 0.252997, 0.251059], 
              [0.250518, 0.247274, 0.250653, 0.251555], 
              [0.253087, 0.247724, 0.252817, 0.246372], 
              [0.252862, 0.250338, 0.247499, 0.249301], 
              [0.95376, 0.0155491, 0.0146021, 0.0160891], 
              [0.369895, 0.630102, 1.12663e-06, 1.12663e-06], 
              [1.12663e-06, 0.999997, 1.12663e-06, 1.12663e-06], 
              [0.999997, 1.12663e-06, 1.12663e-06, 1.12663e-06], 
              [1.12663e-06, 1.12663e-06, 0.256151, 0.743847], 
              [0.98508, 0.0149181, 1.12663e-06, 1.12663e-06], 
              [1.12663e-06, 1.12663e-06, 1.12663e-06, 0.999997], 
              [1.12663e-06, 1.12663e-06, 0.999997, 1.12663e-06], 
              [1.12663e-06, 1.12663e-06, 0.468228, 0.53177], 
              [0.0161341, 0.0109521, 0.0160441, 0.956869], 
              [0.251825, 0.246372, 0.250699, 0.251104], 
              [0.246643, 0.250924, 0.253628, 0.248806]
            ]
          }, {
            "db": 0,
            "id": "0022_7722_25.7435_4.9050",
            "len": 19,
            "nsites": 7472,
            "pwm": [
              [0.023022, 0.559016, 0.000271342, 0.417691], 
              [0.634363, 0.0147251, 0.0120482, 0.338864], 
              [0.631151, 0.00441929, 0.356262, 0.00816724], 
              [0.189107, 0.025164, 0.783585, 0.00214432], 
              [0.940435, 0.028376, 0.0310519, 0.000137344], 
              [0.0346659, 0.0907411, 0.874457, 0.000137344], 
              [0.00736425, 0.0159291, 0.362953, 0.613753], 
              [0.461319, 0.0176691, 0.0946221, 0.42639], 
              [0.00910422, 0.00522228, 0.965863, 0.0198101], 
              [0.00897023, 0.436695, 0.554065, 0.000271342], 
              [0.334314, 0.276365, 3.34578e-06, 0.389318], 
              [0.999856, 3.34578e-06, 3.34578e-06, 0.000137344], 
              [3.34578e-06, 0.787332, 0.212528, 0.000137344], 
              [3.34578e-06, 0.000271342, 0.00160932, 0.998116], 
              [0.291487, 3.34578e-06, 0.547105, 0.161404], 
              [3.34578e-06, 0.99999, 3.34578e-06, 3.34578e-06], 
              [0.720149, 0.000271342, 0.279577, 3.34578e-06], 
              [3.34578e-06, 0.571463, 0.0117802, 0.416754], 
              [0.0210151, 0.516725, 0.453557, 0.00870223]
            ]
          }, {
            "db": 0,
            "id": "0023_49000_63.0934_-1.3634",
            "len": 19,
            "nsites": 49000,
            "pwm": [
              [0.246306, 0.254061, 0.249245, 0.250388], 
              [0.258469, 0.257082, 0.234714, 0.249735], 
              [0.251306, 0.253918, 0.246347, 0.248429], 
              [0.254306, 0.251898, 0.238878, 0.254918], 
              [0.256306, 0.249898, 0.24449, 0.249306], 
              [0.24949, 0.234286, 0.268245, 0.24798], 
              [0.233612, 0.247122, 0.249857, 0.269408], 
              [0.22402, 0.242531, 0.287918, 0.245531], 
              [0.237102, 0.242673, 0.28598, 0.234245], 
              [0.245918, 0.229612, 0.300694, 0.223776], 
              [0.0062655, 0.469551, 0.131612, 0.392571], 
              [0.315367, 0.212714, 0.232265, 0.239653], 
              [0.249898, 0.273857, 0.23149, 0.244755], 
              [0.231102, 0.278796, 0.245735, 0.244367], 
              [0.254388, 0.256878, 0.249531, 0.239204], 
              [0.229388, 0.255449, 0.248531, 0.266633], 
              [0.246388, 0.257878, 0.252837, 0.242898], 
              [0.25502, 0.240551, 0.250327, 0.254102], 
              [0.247408, 0.254939, 0.235184, 0.262469]
            ]
          }, {
            "db": 0,
            "id": "0024_26000_124.1817_-3.2821",
            "len": 19,
            "nsites": 26000,
            "pwm": [
              [0.249769, 0.252, 0.252846, 0.245385], 
              [0.250115, 0.250385, 0.244808, 0.254692], 
              [0.248846, 0.254846, 0.246538, 0.249769], 
              [0.243808, 0.251808, 0.247308, 0.257077], 
              [0.249346, 0.253269, 0.247962, 0.249423], 
              [0.257192, 0.248577, 0.2525, 0.241731], 
              [0.299231, 0.255385, 0.270077, 0.175308], 
              [0.240962, 0.234615, 0.278038, 0.246385], 
              [0.279692, 0.249231, 0.233692, 0.237385], 
              [0.231885, 0.29, 0.241769, 0.236346], 
              [0.236731, 0.285385, 0.242462, 0.235423], 
              [0.251231, 0.292577, 0.230808, 0.225385], 
              [0.232346, 0.276654, 0.226615, 0.264385], 
              [0.245154, 0.264, 0.242923, 0.247923], 
              [0.256577, 0.248577, 0.246115, 0.248731], 
              [0.244462, 0.256731, 0.242962, 0.255846], 
              [0.242462, 0.260885, 0.246538, 0.250115], 
              [0.246, 0.250231, 0.255423, 0.248346], 
              [0.256423, 0.240923, 0.249885, 0.252769]
            ]
          }, {
            "db": 0,
            "id": "0025_5581_23.0024_4.8460",
            "len": 19,
            "nsites": 5438,
            "pwm": [
              [0.00349853, 0.726545, 4.59719e-06, 0.269952], 
              [0.08588, 0.858209, 0.0253811, 0.03053], 
              [4.59719e-06, 0.265723, 0.470206, 0.264068], 
              [0.0391729, 0.114198, 0.801755, 0.0448728], 
              [0.268113, 0.267378, 0.0104864, 0.454023], 
              [4.59719e-06, 0.979023, 4.59719e-06, 0.0209682], 
              [4.59719e-06, 0.00919943, 0.979023, 0.0117734], 
              [4.59719e-06, 0.934706, 0.0246451, 0.0406438], 
              [0.0483667, 0.102063, 0.086984, 0.762588], 
              [0.340932, 0.000188594, 0.00257855, 0.6563], 
              [0.218096, 4.59719e-06, 0.290179, 0.491721], 
              [0.386352, 0.613638, 4.59719e-06, 4.59719e-06], 
              [0.0266681, 0.954382, 4.59719e-06, 0.0189452], 
              [0.375136, 4.59719e-06, 0.624855, 4.59719e-06], 
              [0.193271, 0.80672, 4.59719e-06, 4.59719e-06], 
              [0.365757, 4.59719e-06, 0.634234, 4.59719e-06], 
              [0.968174, 0.030346, 4.59719e-06, 0.00147557], 
              [0.593595, 4.59719e-06, 0.406396, 4.59719e-06], 
              [0.0774212, 0.16532, 0.0965458, 0.660713]
            ]
          }, {
            "db": 0,
            "id": "0026_4408_21.6290_4.5231",
            "len": 19,
            "nsites": 4294,
            "pwm": [
              [0.0437868, 0.860722, 5.82194e-06, 0.0954856], 
              [0.539816, 0.4455, 5.82194e-06, 0.0146775], 
              [5.82194e-06, 0.456679, 0.543309, 5.82194e-06], 
              [0.980887, 5.82194e-06, 5.82194e-06, 0.0191014], 
              [0.466926, 5.82194e-06, 0.266884, 0.266185], 
              [0.0170054, 0.363295, 5.82194e-06, 0.619693], 
              [5.82194e-06, 0.811817, 5.82194e-06, 0.188171], 
              [0.396597, 5.82194e-06, 0.603392, 5.82194e-06], 
              [5.82194e-06, 0.00116979, 0.496035, 0.502789], 
              [0.0407599, 0.036568, 5.82194e-06, 0.922667], 
              [0.0149105, 5.82194e-06, 0.0230603, 0.962023], 
              [0.0400609, 0.942695, 0.0172384, 5.82194e-06], 
              [5.82194e-06, 0.973667, 0.0172384, 0.00908761], 
              [0.828352, 0.0680062, 0.0519376, 0.0517046], 
              [0.510008, 5.82194e-06, 0.477405, 0.0125815], 
              [0.0265542, 5.82194e-06, 0.540748, 0.432693], 
              [0.0400609, 0.408007, 0.462035, 0.0898967], 
              [0.558214, 0.349788, 5.82194e-06, 0.0919927], 
              [0.0663763, 0.0235263, 0.910092, 5.82194e-06]
            ]
          }, {
            "db": 0,
            "id": "0027_19944_39.3382_3.8033",
            "len": 19,
            "nsites": 19068,
            "pwm": [
              [0.156597, 0.301552, 0.18413, 0.357719], 
              [0.194881, 0.303388, 0.402716, 0.0990148], 
              [0.338735, 0.0361871, 0.273495, 0.351583], 
              [0.537443, 0.282201, 0.175215, 0.00514128], 
              [0.512114, 0.150043, 0.320642, 0.0172032], 
              [0.367106, 0.060049, 0.438954, 0.13389], 
              [0.312513, 0.326149, 0.115902, 0.245437], 
              [0.715333, 0.183291, 0.0966028, 0.00477329], 
              [0.483794, 0.000421309, 0.515155, 0.000630308], 
              [0.538334, 0.0830719, 0.378172, 0.000421309], 
              [0.188378, 0.550869, 0.105046, 0.155706], 
              [0.193256, 0.00341029, 0.000683308, 0.802651], 
              [0.0015743, 0.000368309, 0.186333, 0.811723], 
              [0.0017323, 0.490559, 0.000893306, 0.506817], 
              [0.0022563, 0.645792, 0.0018373, 0.350114], 
              [0.00335729, 0.0184612, 0.00388229, 0.974298], 
              [0.00535028, 0.00472129, 0.698551, 0.291378], 
              [0.532252, 0.0955538, 0.00556028, 0.366634], 
              [0.480175, 0.387454, 0.0802929, 0.052078]
            ]
          }, {
            "db": 0,
            "id": "0028_29998_28.1007_4.1880",
            "len": 19,
            "nsites": 29367,
            "pwm": [
              [0.00807082, 0.570503, 0.414852, 0.00657283], 
              [0.364695, 0.118228, 0.510572, 0.00650483], 
              [0.00490383, 0.762895, 0.0134858, 0.218715], 
              [0.108659, 0.119965, 0.246944, 0.524431], 
              [0.00231684, 0.461265, 0.000136851, 0.536281], 
              [0.000136851, 0.00367884, 0.59039, 0.405795], 
              [6.88511e-05, 0.213403, 0.785846, 0.000681849], 
              [0.99952, 8.51293e-07, 0.00044385, 3.48512e-05], 
