Query_ID	Target_ID	Optimal_offset	p-value	E-value	q-value	Overlap	Query_consensus	Target_consensus	Orientation
3727_3894_21.1225_12.4995	MA0068.1	-11	1.10464e-08	1.11679e-05	2.23357e-05	30	GGGGGGGCGGGGGGGGCGGGGATGACTCAGGGAGGAGTCACCCTTGGCACACTCCTGGGACCGTGCCAAAGATGAGTCACAGATGAGTCACATCCGAGTGGCGGCGGGGGGG	GGGGGGGGAGTGGAGTATTGGAAATTTTTC	-
3727_3894_21.1225_12.4995	MA0615.1	-8	0.000479043	0.484313	0.283628	17	GGGGGGGCGGGGGGGGCGGGGATGACTCAGGGAGGAGTCACCCTTGGCACACTCCTGGGACCGTGCCAAAGATGAGTCACAGATGAGTCACATCCGAGTGGCGGCGGGGGGG	GAGTGTACGTAAGATGG	+

# Tomtom (Motif Comparison Tool): Version 5.1.0 compiled on Oct  9 2020 at 08:11:46
# The format of this file is described at http://meme-suite.org//doc/tomtom-output-format.html.
# tomtom -no-ssc -o result/x3727/x3727.out result/x3727/x3727.meme ../../JASPAR2020.txt
