Query_ID	Target_ID	Optimal_offset	p-value	E-value	q-value	Overlap	Query_consensus	Target_consensus	Orientation
2257_4524_0.5283_0.5125	MA1142.1	-36	3.87644e-05	0.0391908	0.0285179	10	TTGTCGAATACCCAACATACTTTTCTCATGAGTCATCATGACTCATGCGAAAAGTATGTGCAATTCTACAAATTCCAAAGTTATGAGTCATCAAAAAGGAATGTAAACTATGCGGAAATTATTATTTTTTGA	GATGACTCAT	+
2257_4524_0.5283_0.5125	MA0490.2	-80	8.35486e-05	0.0844676	0.0285179	13	TTGTCGAATACCCAACATACTTTTCTCATGAGTCATCATGACTCATGCGAAAAGTATGTGCAATTCTACAAATTCCAAAGTTATGAGTCATCAAAAAGGAATGTAAACTATGCGGAAATTATTATTTTTTGA	AAATGAGTCATTT	-
2257_4524_0.5283_0.5125	MA0495.2	-76	8.53563e-05	0.0862953	0.0285179	21	TTGTCGAATACCCAACATACTTTTCTCATGAGTCATCATGACTCATGCGAAAAGTATGTGCAATTCTACAAATTCCAAAGTTATGAGTCATCAAAAAGGAATGTAAACTATGCGGAAATTATTATTTTTTGA	AATTTGCTGAGTCAGCAAATT	+
2257_4524_0.5283_0.5125	MA0114.4	-66	9.84405e-05	0.0995233	0.0285179	13	TTGTCGAATACCCAACATACTTTTCTCATGAGTCATCATGACTCATGCGAAAAGTATGTGCAATTCTACAAATTCCAAAGTTATGAGTCATCAAAAAGGAATGTAAACTATGCGGAAATTATTATTTTTTGA	TCCAAAGTCCAAA	+
2257_4524_0.5283_0.5125	MA0491.2	-80	9.84405e-05	0.0995233	0.0285179	13	TTGTCGAATACCCAACATACTTTTCTCATGAGTCATCATGACTCATGCGAAAAGTATGTGCAATTCTACAAATTCCAAAGTTATGAGTCATCAAAAAGGAATGTAAACTATGCGGAAATTATTATTTTTTGA	GGATGAGTCATCA	-
2257_4524_0.5283_0.5125	MA0655.1	-82	0.000119135	0.120446	0.0285179	9	TTGTCGAATACCCAACATACTTTTCTCATGAGTCATCATGACTCATGCGAAAAGTATGTGCAATTCTACAAATTCCAAAGTTATGAGTCATCAAAAAGGAATGTAAACTATGCGGAAATTATTATTTTTTGA	ATGAGTCAT	-
2257_4524_0.5283_0.5125	MA0484.2	-66	0.000135999	0.137495	0.0285179	13	TTGTCGAATACCCAACATACTTTTCTCATGAGTCATCATGACTCATGCGAAAAGTATGTGCAATTCTACAAATTCCAAAGTTATGAGTCATCAAAAAGGAATGTAAACTATGCGGAAATTATTATTTTTTGA	TCCAAAGTCCAGA	+
2257_4524_0.5283_0.5125	MA1137.1	-35	0.000135999	0.137495	0.0285179	13	TTGTCGAATACCCAACATACTTTTCTCATGAGTCATCATGACTCATGCGAAAAGTATGTGCAATTCTACAAATTCCAAAGTTATGAGTCATCAAAAAGGAATGTAAACTATGCGGAAATTATTATTTTTTGA	TGATGACTCATAC	+
2257_4524_0.5283_0.5125	MA0462.2	-81	0.000207195	0.209474	0.0285179	11	TTGTCGAATACCCAACATACTTTTCTCATGAGTCATCATGACTCATGCGAAAAGTATGTGCAATTCTACAAATTCCAAAGTTATGAGTCATCAAAAAGGAATGTAAACTATGCGGAAATTATTATTTTTTGA	TATGAGTCATA	-
2257_4524_0.5283_0.5125	MA1634.1	-81	0.000207195	0.209474	0.0285179	11	TTGTCGAATACCCAACATACTTTTCTCATGAGTCATCATGACTCATGCGAAAAGTATGTGCAATTCTACAAATTCCAAAGTTATGAGTCATCAAAAAGGAATGTAAACTATGCGGAAATTATTATTTTTTGA	TATGAGTCATA	-
2257_4524_0.5283_0.5125	MA0099.3	-82	0.000210827	0.213146	0.0285179	10	TTGTCGAATACCCAACATACTTTTCTCATGAGTCATCATGACTCATGCGAAAAGTATGTGCAATTCTACAAATTCCAAAGTTATGAGTCATCAAAAAGGAATGTAAACTATGCGGAAATTATTATTTTTTGA	ATGAGTCATC	+
2257_4524_0.5283_0.5125	MA1144.1	-82	0.000210827	0.213146	0.0285179	10	TTGTCGAATACCCAACATACTTTTCTCATGAGTCATCATGACTCATGCGAAAAGTATGTGCAATTCTACAAATTCCAAAGTTATGAGTCATCAAAAAGGAATGTAAACTATGCGGAAATTATTATTTTTTGA	ATGAGTCATC	-
2257_4524_0.5283_0.5125	MA0835.2	-81	0.000246909	0.249625	0.0285179	11	TTGTCGAATACCCAACATACTTTTCTCATGAGTCATCATGACTCATGCGAAAAGTATGTGCAATTCTACAAATTCCAAAGTTATGAGTCATCAAAAAGGAATGTAAACTATGCGGAAATTATTATTTTTTGA	TATGAGTCATA	-
2257_4524_0.5283_0.5125	MA1138.1	-82	0.000253865	0.256657	0.0285179	10	TTGTCGAATACCCAACATACTTTTCTCATGAGTCATCATGACTCATGCGAAAAGTATGTGCAATTCTACAAATTCCAAAGTTATGAGTCATCAAAAAGGAATGTAAACTATGCGGAAATTATTATTTTTTGA	ATGAGTCATC	-
2257_4524_0.5283_0.5125	MA0496.2	-77	0.000263277	0.266173	0.0285179	19	TTGTCGAATACCCAACATACTTTTCTCATGAGTCATCATGACTCATGCGAAAAGTATGTGCAATTCTACAAATTCCAAAGTTATGAGTCATCAAAAAGGAATGTAAACTATGCGGAAATTATTATTTTTTGA	AATTGCTGAGTCAGCAAAT	+
2257_4524_0.5283_0.5125	MA1135.1	-82	0.00027831	0.281371	0.0285596	10	TTGTCGAATACCCAACATACTTTTCTCATGAGTCATCATGACTCATGCGAAAAGTATGTGCAATTCTACAAATTCCAAAGTTATGAGTCATCAAAAAGGAATGTAAACTATGCGGAAATTATTATTTTTTGA	ATGAGTCATC	-
2257_4524_0.5283_0.5125	MA1128.1	-80	0.000345649	0.349451	0.0315947	13	TTGTCGAATACCCAACATACTTTTCTCATGAGTCATCATGACTCATGCGAAAAGTATGTGCAATTCTACAAATTCCAAAGTTATGAGTCATCAAAAAGGAATGTAAACTATGCGGAAATTATTATTTTTTGA	GGATGAGTCATCA	-
2257_4524_0.5283_0.5125	MA1132.1	-82	0.000365345	0.369364	0.0315947	10	TTGTCGAATACCCAACATACTTTTCTCATGAGTCATCATGACTCATGCGAAAAGTATGTGCAATTCTACAAATTCCAAAGTTATGAGTCATCAAAAAGGAATGTAAACTATGCGGAAATTATTATTTTTTGA	ATGAGTCATC	-
2257_4524_0.5283_0.5125	MA0477.2	-80	0.000372704	0.376804	0.0315947	13	TTGTCGAATACCCAACATACTTTTCTCATGAGTCATCATGACTCATGCGAAAAGTATGTGCAATTCTACAAATTCCAAAGTTATGAGTCATCAAAAAGGAATGTAAACTATGCGGAAATTATTATTTTTTGA	GGATGAGTCATCA	-
2257_4524_0.5283_0.5125	MA1134.1	-81	0.000480103	0.485384	0.0365536	12	TTGTCGAATACCCAACATACTTTTCTCATGAGTCATCATGACTCATGCGAAAAGTATGTGCAATTCTACAAATTCCAAAGTTATGAGTCATCAAAAAGGAATGTAAACTATGCGGAAATTATTATTTTTTGA	GATGAGTCATCC	+
2257_4524_0.5283_0.5125	MA0841.1	-36	0.000487445	0.492807	0.0365536	11	TTGTCGAATACCCAACATACTTTTCTCATGAGTCATCATGACTCATGCGAAAAGTATGTGCAATTCTACAAATTCCAAAGTTATGAGTCATCAAAAAGGAATGTAAACTATGCGGAAATTATTATTTTTTGA	CATGACTCATC	+
2257_4524_0.5283_0.5125	MA1622.1	-80	0.000541578	0.547535	0.036579	14	TTGTCGAATACCCAACATACTTTTCTCATGAGTCATCATGACTCATGCGAAAAGTATGTGCAATTCTACAAATTCCAAAGTTATGAGTCATCAAAAAGGAATGTAAACTATGCGGAAATTATTATTTTTTGA	TTATGAGTCATCAT	-
2257_4524_0.5283_0.5125	MA1101.2	-32	0.000560777	0.566945	0.036579	19	TTGTCGAATACCCAACATACTTTTCTCATGAGTCATCATGACTCATGCGAAAAGTATGTGCAATTCTACAAATTCCAAAGTTATGAGTCATCAAAAAGGAATGTAAACTATGCGGAAATTATTATTTTTTGA	AAAGCATGACTCATCATTT	+
2257_4524_0.5283_0.5125	MA0099.2	-83	0.000633722	0.640693	0.036579	7	TTGTCGAATACCCAACATACTTTTCTCATGAGTCATCATGACTCATGCGAAAAGTATGTGCAATTCTACAAATTCCAAAGTTATGAGTCATCAAAAAGGAATGTAAACTATGCGGAAATTATTATTTTTTGA	TGAGTCA	-
2257_4524_0.5283_0.5125	MA0659.1	-76	0.000652095	0.659268	0.036579	21	TTGTCGAATACCCAACATACTTTTCTCATGAGTCATCATGACTCATGCGAAAAGTATGTGCAATTCTACAAATTCCAAAGTTATGAGTCATCAAAAAGGAATGTAAACTATGCGGAAATTATTATTTTTTGA	AAATTGCTGAGTCAGCATATT	+
2257_4524_0.5283_0.5125	MA1130.1	-80	0.00065483	0.662033	0.036579	12	TTGTCGAATACCCAACATACTTTTCTCATGAGTCATCATGACTCATGCGAAAAGTATGTGCAATTCTACAAATTCCAAAGTTATGAGTCATCAAAAAGGAATGTAAACTATGCGGAAATTATTATTTTTTGA	GGATGAGTCATC	+
2257_4524_0.5283_0.5125	MA1141.1	-80	0.000672668	0.680068	0.036579	13	TTGTCGAATACCCAACATACTTTTCTCATGAGTCATCATGACTCATGCGAAAAGTATGTGCAATTCTACAAATTCCAAAGTTATGAGTCATCAAAAAGGAATGTAAACTATGCGGAAATTATTATTTTTTGA	GGATGAGTCATCG	+
2257_4524_0.5283_0.5125	MA0462.1	-79	0.000932406	0.942663	0.0478409	11	TTGTCGAATACCCAACATACTTTTCTCATGAGTCATCATGACTCATGCGAAAAGTATGTGCAATTCTACAAATTCCAAAGTTATGAGTCATCAAAAAGGAATGTAAACTATGCGGAAATTATTATTTTTTGA	GAAATGACTCA	+
2257_4524_0.5283_0.5125	MA0089.2	-79	0.00138957	1.40486	0.0602069	16	TTGTCGAATACCCAACATACTTTTCTCATGAGTCATCATGACTCATGCGAAAAGTATGTGCAATTCTACAAATTCCAAAGTTATGAGTCATCAAAAAGGAATGTAAACTATGCGGAAATTATTATTTTTTGA	AGAATGACTCAGCAAT	+
2257_4524_0.5283_0.5125	MA0099.1	-82	0.00164976	1.66791	0.0670127	8	TTGTCGAATACCCAACATACTTTTCTCATGAGTCATCATGACTCATGCGAAAAGTATGTGCAATTCTACAAATTCCAAAGTTATGAGTCATCAAAAAGGAATGTAAACTATGCGGAAATTATTATTTTTTGA	GTGAGTCA	+
2257_4524_0.5283_0.5125	MA0501.1	-82	0.00193996	1.9613	0.0771924	15	TTGTCGAATACCCAACATACTTTTCTCATGAGTCATCATGACTCATGCGAAAAGTATGTGCAATTCTACAAATTCCAAAGTTATGAGTCATCAAAAAGGAATGTAAACTATGCGGAAATTATTATTTTTTGA	ATGACTCAGCAATTT	+
2257_4524_0.5283_0.5125	MA0491.1	-81	0.00233877	2.3645	0.0881172	11	TTGTCGAATACCCAACATACTTTTCTCATGAGTCATCATGACTCATGCGAAAAGTATGTGCAATTCTACAAATTCCAAAGTTATGAGTCATCAAAAAGGAATGTAAACTATGCGGAAATTATTATTTTTTGA	GATGAGTCACC	-
2257_4524_0.5283_0.5125	MA0489.1	-77	0.0023501	2.37595	0.0881172	14	TTGTCGAATACCCAACATACTTTTCTCATGAGTCATCATGACTCATGCGAAAAGTATGTGCAATTCTACAAATTCCAAAGTTATGAGTCATCAAAAAGGAATGTAAACTATGCGGAAATTATTATTTTTTGA	AGGAGATGACTCAT	+
2257_4524_0.5283_0.5125	MA1520.1	-79	0.00279634	2.8271	0.0989695	15	TTGTCGAATACCCAACATACTTTTCTCATGAGTCATCATGACTCATGCGAAAAGTATGTGCAATTCTACAAATTCCAAAGTTATGAGTCATCAAAAAGGAATGTAAACTATGCGGAAATTATTATTTTTTGA	ATGCTGAGTCAGCAA	+
2257_4524_0.5283_0.5125	MA0150.2	-78	0.0033473	3.38412	0.109567	15	TTGTCGAATACCCAACATACTTTTCTCATGAGTCATCATGACTCATGCGAAAAGTATGTGCAATTCTACAAATTCCAAAGTTATGAGTCATCAAAAAGGAATGTAAACTATGCGGAAATTATTATTTTTTGA	CAGCATGACTCAGCA	+
2257_4524_0.5283_0.5125	MA0478.1	-82	0.00337173	3.40882	0.109567	11	TTGTCGAATACCCAACATACTTTTCTCATGAGTCATCATGACTCATGCGAAAAGTATGTGCAATTCTACAAATTCCAAAGTTATGAGTCATCAAAAAGGAATGTAAACTATGCGGAAATTATTATTTTTTGA	ATGAGTCATCC	-
2257_4524_0.5283_0.5125	MA1101.1	-81	0.00343043	3.46817	0.109647	14	TTGTCGAATACCCAACATACTTTTCTCATGAGTCATCATGACTCATGCGAAAAGTATGTGCAATTCTACAAATTCCAAAGTTATGAGTCATCAAAAAGGAATGTAAACTATGCGGAAATTATTATTTTTTGA	GATGACTCAGCAAT	+
2257_4524_0.5283_0.5125	MA0476.1	-81	0.00362344	3.6633	0.110387	11	TTGTCGAATACCCAACATACTTTTCTCATGAGTCATCATGACTCATGCGAAAAGTATGTGCAATTCTACAAATTCCAAAGTTATGAGTCATCAAAAAGGAATGTAAACTATGCGGAAATTATTATTTTTTGA	AATGAGTCACA	-
2257_4524_0.5283_0.5125	MA0490.1	-82	0.00362344	3.6633	0.110387	11	TTGTCGAATACCCAACATACTTTTCTCATGAGTCATCATGACTCATGCGAAAAGTATGTGCAATTCTACAAATTCCAAAGTTATGAGTCATCAAAAAGGAATGTAAACTATGCGGAAATTATTATTTTTTGA	ATGAGTCATCC	-
2257_4524_0.5283_0.5125	MA1633.1	-81	0.00424775	4.29448	0.123612	13	TTGTCGAATACCCAACATACTTTTCTCATGAGTCATCATGACTCATGCGAAAAGTATGTGCAATTCTACAAATTCCAAAGTTATGAGTCATCAAAAAGGAATGTAAACTATGCGGAAATTATTATTTTTTGA	GATGACTCAGCAA	+
2257_4524_0.5283_0.5125	MA0899.1	-85	0.00516423	5.22104	0.141816	11	TTGTCGAATACCCAACATACTTTTCTCATGAGTCATCATGACTCATGCGAAAAGTATGTGCAATTCTACAAATTCCAAAGTTATGAGTCATCAAAAAGGAATGTAAACTATGCGGAAATTATTATTTTTTGA	GGTAATAAAAA	+
2257_4524_0.5283_0.5125	MA0150.1	-82	0.00553731	5.59823	0.149949	11	TTGTCGAATACCCAACATACTTTTCTCATGAGTCATCATGACTCATGCGAAAAGTATGTGCAATTCTACAAATTCCAAAGTTATGAGTCATCAAAAAGGAATGTAAACTATGCGGAAATTATTATTTTTTGA	ATGACTCAGCA	+
2257_4524_0.5283_0.5125	MA0496.3	-80	0.00567429	5.73671	0.151554	15	TTGTCGAATACCCAACATACTTTTCTCATGAGTCATCATGACTCATGCGAAAAGTATGTGCAATTCTACAAATTCCAAAGTTATGAGTCATCAAAAAGGAATGTAAACTATGCGGAAATTATTATTTTTTGA	TGCTGACTCAGCAAT	+
2257_4524_0.5283_0.5125	MA0627.2	-62	0.00661551	6.68828	0.171981	13	TTGTCGAATACCCAACATACTTTTCTCATGAGTCATCATGACTCATGCGAAAAGTATGTGCAATTCTACAAATTCCAAAGTTATGAGTCATCAAAAAGGAATGTAAACTATGCGGAAATTATTATTTTTTGA	AATATGCAAATAA	+
2257_4524_0.5283_0.5125	MA1521.1	-79	0.00713442	7.2129	0.178337	15	TTGTCGAATACCCAACATACTTTTCTCATGAGTCATCATGACTCATGCGAAAAGTATGTGCAATTCTACAAATTCCAAAGTTATGAGTCATCAAAAAGGAATGTAAACTATGCGGAAATTATTATTTTTTGA	TTGCTGAGTCAGCAA	+
2257_4524_0.5283_0.5125	MA0495.1	-74	0.00822525	8.31573	0.201242	18	TTGTCGAATACCCAACATACTTTTCTCATGAGTCATCATGACTCATGCGAAAAGTATGTGCAATTCTACAAATTCCAAAGTTATGAGTCATCAAAAAGGAATGTAAACTATGCGGAAATTATTATTTTTTGA	AAAAATTGCTGACTCAGC	-
2257_4524_0.5283_0.5125	MA0477.1	-81	0.00835145	8.44331	0.201242	11	TTGTCGAATACCCAACATACTTTTCTCATGAGTCATCATGACTCATGCGAAAAGTATGTGCAATTCTACAAATTCCAAAGTTATGAGTCATCAAAAAGGAATGTAAACTATGCGGAAATTATTATTTTTTGA	CATGAGTCACC	-
2257_4524_0.5283_0.5125	MA0089.1	-34	0.0083604	8.45236	0.201242	6	TTGTCGAATACCCAACATACTTTTCTCATGAGTCATCATGACTCATGCGAAAAGTATGTGCAATTCTACAAATTCCAAAGTTATGAGTCATCAAAAAGGAATGTAAACTATGCGGAAATTATTATTTTTTGA	GTCATG	-
2257_4524_0.5283_0.5125	MA0809.2	-67	0.00996479	10.0744	0.23317	12	TTGTCGAATACCCAACATACTTTTCTCATGAGTCATCATGACTCATGCGAAAAGTATGTGCAATTCTACAAATTCCAAAGTTATGAGTCATCAAAAAGGAATGTAAACTATGCGGAAATTATTATTTTTTGA	CCACATTCCAGG	+
2257_4524_0.5283_0.5125	MA0913.1	-86	0.0101459	10.2575	0.23317	10	TTGTCGAATACCCAACATACTTTTCTCATGAGTCATCATGACTCATGCGAAAAGTATGTGCAATTCTACAAATTCCAAAGTTATGAGTCATCAAAAAGGAATGTAAACTATGCGGAAATTATTATTTTTTGA	GCAATAAAAA	+
2257_4524_0.5283_0.5125	MA0591.1	-79	0.011795	11.9248	0.267411	15	TTGTCGAATACCCAACATACTTTTCTCATGAGTCATCATGACTCATGCGAAAAGTATGTGCAATTCTACAAATTCCAAAGTTATGAGTCATCAAAAAGGAATGTAAACTATGCGGAAATTATTATTTTTTGA	GTGCTGAGTCATCCT	-
2257_4524_0.5283_0.5125	MA0785.1	-62	0.0128094	12.9503	0.286168	12	TTGTCGAATACCCAACATACTTTTCTCATGAGTCATCATGACTCATGCGAAAAGTATGTGCAATTCTACAAATTCCAAAGTTATGAGTCATCAAAAAGGAATGTAAACTATGCGGAAATTATTATTTTTTGA	AATATGCAAATT	+
2257_4524_0.5283_0.5125	MA0788.1	-62	0.012916	13.058	0.286168	13	TTGTCGAATACCCAACATACTTTTCTCATGAGTCATCATGACTCATGCGAAAAGTATGTGCAATTCTACAAATTCCAAAGTTATGAGTCATCAAAAAGGAATGTAAACTATGCGGAAATTATTATTTTTTGA	ATTATGCTAATTT	+
2257_4524_0.5283_0.5125	MA1121.1	-67	0.0137037	13.8544	0.297681	13	TTGTCGAATACCCAACATACTTTTCTCATGAGTCATCATGACTCATGCGAAAAGTATGTGCAATTCTACAAATTCCAAAGTTATGAGTCATCAAAAAGGAATGTAAACTATGCGGAAATTATTATTTTTTGA	TCACATTCCAGCC	+
2257_4524_0.5283_0.5125	MA0052.4	-63	0.0138936	14.0465	0.297681	15	TTGTCGAATACCCAACATACTTTTCTCATGAGTCATCATGACTCATGCGAAAAGTATGTGCAATTCTACAAATTCCAAAGTTATGAGTCATCAAAAAGGAATGTAAACTATGCGGAAATTATTATTTTTTGA	TTCTAAAAATAGAAA	+
2257_4524_0.5283_0.5125	MA1115.1	-63	0.0141622	14.318	0.298828	11	TTGTCGAATACCCAACATACTTTTCTCATGAGTCATCATGACTCATGCGAAAAGTATGTGCAATTCTACAAATTCCAAAGTTATGAGTCATCAAAAAGGAATGTAAACTATGCGGAAATTATTATTTTTTGA	ATATGCAAATT	+
2257_4524_0.5283_0.5125	MA0809.1	-68	0.0153213	15.4899	0.311149	10	TTGTCGAATACCCAACATACTTTTCTCATGAGTCATCATGACTCATGCGAAAAGTATGTGCAATTCTACAAATTCCAAAGTTATGAGTCATCAAAAAGGAATGTAAACTATGCGGAAATTATTATTTTTTGA	CACATTCCAT	+
2257_4524_0.5283_0.5125	MA1639.1	-34	0.0154137	15.5833	0.311149	13	TTGTCGAATACCCAACATACTTTTCTCATGAGTCATCATGACTCATGCGAAAAGTATGTGCAATTCTACAAATTCCAAAGTTATGAGTCATCAAAAAGGAATGTAAACTATGCGGAAATTATTATTTTTTGA	GTCATCAATCATT	+
2257_4524_0.5283_0.5125	MA0496.1	-82	0.0154797	15.65	0.311149	15	TTGTCGAATACCCAACATACTTTTCTCATGAGTCATCATGACTCATGCGAAAAGTATGTGCAATTCTACAAATTCCAAAGTTATGAGTCATCAAAAAGGAATGTAAACTATGCGGAAATTATTATTTTTTGA	CTGAGTCAGCAATTT	+
2257_4524_0.5283_0.5125	MA1549.1	-79	0.0163885	16.5688	0.322911	10	TTGTCGAATACCCAACATACTTTTCTCATGAGTCATCATGACTCATGCGAAAAGTATGTGCAATTCTACAAATTCCAAAGTTATGAGTCATCAAAAAGGAATGTAAACTATGCGGAAATTATTATTTTTTGA	ATAATGAGGT	+
2257_4524_0.5283_0.5125	MA0068.1	-48	0.0163961	16.5764	0.322911	30	TTGTCGAATACCCAACATACTTTTCTCATGAGTCATCATGACTCATGCGAAAAGTATGTGCAATTCTACAAATTCCAAAGTTATGAGTCATCAAAAAGGAATGTAAACTATGCGGAAATTATTATTTTTTGA	GAAAAATTTCCCATACTCCACTCCCCCCCC	+
2257_4524_0.5283_0.5125	MA0852.1	-97	0.0168532	17.0386	0.328594	17	TTGTCGAATACCCAACATACTTTTCTCATGAGTCATCATGACTCATGCGAAAAGTATGTGCAATTCTACAAATTCCAAAGTTATGAGTCATCAAAAAGGAATGTAAACTATGCGGAAATTATTATTTTTTGA	AAAATGTAAACAAACAG	+
2257_4524_0.5283_0.5125	MA0791.1	-79	0.0171575	17.3463	0.331216	16	TTGTCGAATACCCAACATACTTTTCTCATGAGTCATCATGACTCATGCGAAAAGTATGTGCAATTCTACAAATTCCAAAGTTATGAGTCATCAAAAAGGAATGTAAACTATGCGGAAATTATTATTTTTTGA	CTCATTAATTATGCAT	-
2257_4524_0.5283_0.5125	MA0905.1	-86	0.0175233	17.716	0.33496	10	TTGTCGAATACCCAACATACTTTTCTCATGAGTCATCATGACTCATGCGAAAAGTATGTGCAATTCTACAAATTCCAAAGTTATGAGTCATCAAAAAGGAATGTAAACTATGCGGAAATTATTATTTTTTGA	GTCGTAAAAT	+
2257_4524_0.5283_0.5125	MA1113.2	-34	0.0183501	18.552	0.34736	13	TTGTCGAATACCCAACATACTTTTCTCATGAGTCATCATGACTCATGCGAAAAGTATGTGCAATTCTACAAATTCCAAAGTTATGAGTCATCAAAAAGGAATGTAAACTATGCGGAAATTATTATTTTTTGA	GTCATAAATCATT	+
2257_4524_0.5283_0.5125	MA0878.1	-86	0.0189694	19.178	0.355629	9	TTGTCGAATACCCAACATACTTTTCTCATGAGTCATCATGACTCATGCGAAAAGTATGTGCAATTCTACAAATTCCAAAGTTATGAGTCATCAAAAAGGAATGTAAACTATGCGGAAATTATTATTTTTTGA	GCAATAAAA	+
2257_4524_0.5283_0.5125	MA0484.1	-62	0.0202069	20.4292	0.368209	15	TTGTCGAATACCCAACATACTTTTCTCATGAGTCATCATGACTCATGCGAAAAGTATGTGCAATTCTACAAATTCCAAAGTTATGAGTCATCAAAAAGGAATGTAAACTATGCGGAAATTATTATTTTTTGA	AGAGTCCAAAGTCCA	+
2257_4524_0.5283_0.5125	MA0114.2	-63	0.0212994	21.5336	0.37753	15	TTGTCGAATACCCAACATACTTTTCTCATGAGTCATCATGACTCATGCGAAAAGTATGTGCAATTCTACAAATTCCAAAGTTATGAGTCATCAAAAAGGAATGTAAACTATGCGGAAATTATTATTTTTTGA	GAGTCCAAAGTCCAG	-
2257_4524_0.5283_0.5125	MA0047.2	-74	0.0221396	22.3831	0.383376	12	TTGTCGAATACCCAACATACTTTTCTCATGAGTCATCATGACTCATGCGAAAAGTATGTGCAATTCTACAAATTCCAAAGTTATGAGTCATCAAAAAGGAATGTAAACTATGCGGAAATTATTATTTTTTGA	CCTAAGTAAACA	-
2257_4524_0.5283_0.5125	MA0102.4	-52	0.0222191	22.4635	0.383376	14	TTGTCGAATACCCAACATACTTTTCTCATGAGTCATCATGACTCATGCGAAAAGTATGTGCAATTCTACAAATTCCAAAGTTATGAGTCATCAAAAAGGAATGTAAACTATGCGGAAATTATTATTTTTTGA	ATATTGTGCAATAA	-
2257_4524_0.5283_0.5125	MA0113.1	-46	0.0229989	23.2519	0.387477	18	TTGTCGAATACCCAACATACTTTTCTCATGAGTCATCATGACTCATGCGAAAAGTATGTGCAATTCTACAAATTCCAAAGTTATGAGTCATCAAAAAGGAATGTAAACTATGCGGAAATTATTATTTTTTGA	GGGAACATTATGTCCTAT	+
2257_4524_0.5283_0.5125	MA0912.2	-79	0.0232105	23.4658	0.387477	8	TTGTCGAATACCCAACATACTTTTCTCATGAGTCATCATGACTCATGCGAAAAGTATGTGCAATTCTACAAATTCCAAAGTTATGAGTCATCAAAAAGGAATGTAAACTATGCGGAAATTATTATTTTTTGA	GTAATTAG	-
2257_4524_0.5283_0.5125	MA0069.1	-39	0.0234614	23.7195	0.387477	14	TTGTCGAATACCCAACATACTTTTCTCATGAGTCATCATGACTCATGCGAAAAGTATGTGCAATTCTACAAATTCCAAAGTTATGAGTCATCAAAAAGGAATGTAAACTATGCGGAAATTATTATTTTTTGA	AACTCATGCGTGAA	-
2257_4524_0.5283_0.5125	MA1640.1	-33	0.0236492	23.9093	0.387477	15	TTGTCGAATACCCAACATACTTTTCTCATGAGTCATCATGACTCATGCGAAAAGTATGTGCAATTCTACAAATTCCAAAGTTATGAGTCATCAAAAAGGAATGTAAACTATGCGGAAATTATTATTTTTTGA	AGCCATAAATCATTT	-
2257_4524_0.5283_0.5125	MA0090.2	-50	0.0243496	24.6175	0.395629	10	TTGTCGAATACCCAACATACTTTTCTCATGAGTCATCATGACTCATGCGAAAAGTATGTGCAATTCTACAAATTCCAAAGTTATGAGTCATCAAAAAGGAATGTAAACTATGCGGAAATTATTATTTTTTGA	ATGGAATGTG	-
2257_4524_0.5283_0.5125	MA0786.1	-63	0.0249188	25.1929	0.401531	12	TTGTCGAATACCCAACATACTTTTCTCATGAGTCATCATGACTCATGCGAAAAGTATGTGCAATTCTACAAATTCCAAAGTTATGAGTCATCAAAAAGGAATGTAAACTATGCGGAAATTATTATTTTTTGA	TTATGCAAATTA	+
2257_4524_0.5283_0.5125	MA0706.1	-33	0.0259758	26.2615	0.415132	10	TTGTCGAATACCCAACATACTTTTCTCATGAGTCATCATGACTCATGCGAAAAGTATGTGCAATTCTACAAATTCCAAAGTTATGAGTCATCAAAAAGGAATGTAAACTATGCGGAAATTATTATTTTTTGA	GTTAATTACT	-
2257_4524_0.5283_0.5125	MA0842.1	-86	0.0282432	28.5539	0.444089	11	TTGTCGAATACCCAACATACTTTTCTCATGAGTCATCATGACTCATGCGAAAAGTATGTGCAATTCTACAAATTCCAAAGTTATGAGTCATCAAAAAGGAATGTAAACTATGCGGAAATTATTATTTTTTGA	GTCAGCAAATT	-
2257_4524_0.5283_0.5125	MA0090.3	-67	0.0288688	29.1864	0.450103	13	TTGTCGAATACCCAACATACTTTTCTCATGAGTCATCATGACTCATGCGAAAAGTATGTGCAATTCTACAAATTCCAAAGTTATGAGTCATCAAAAAGGAATGTAAACTATGCGGAAATTATTATTTTTTGA	CCACATTCCAGGC	+
2257_4524_0.5283_0.5125	MA0151.1	-89	0.0291867	29.5078	0.450103	6	TTGTCGAATACCCAACATACTTTTCTCATGAGTCATCATGACTCATGCGAAAAGTATGTGCAATTCTACAAATTCCAAAGTTATGAGTCATCAAAAAGGAATGTAAACTATGCGGAAATTATTATTTTTTGA	ATTAAA	+
2257_4524_0.5283_0.5125	MA0627.1	-61	0.029878	30.2067	0.450103	16	TTGTCGAATACCCAACATACTTTTCTCATGAGTCATCATGACTCATGCGAAAAGTATGTGCAATTCTACAAATTCCAAAGTTATGAGTCATCAAAAAGGAATGTAAACTATGCGGAAATTATTATTTTTTGA	TTGTATGCAAATTAGA	+
2257_4524_0.5283_0.5125	MA0683.1	-71	0.029878	30.2067	0.450103	16	TTGTCGAATACCCAACATACTTTTCTCATGAGTCATCATGACTCATGCGAAAAGTATGTGCAATTCTACAAATTCCAAAGTTATGAGTCATCAAAAAGGAATGTAAACTATGCGGAAATTATTATTTTTTGA	ATGCATAATTAATGAG	+
2257_4524_0.5283_0.5125	MA0465.1	-84	0.0300108	30.3409	0.450103	11	TTGTCGAATACCCAACATACTTTTCTCATGAGTCATCATGACTCATGCGAAAAGTATGTGCAATTCTACAAATTCCAAAGTTATGAGTCATCAAAAAGGAATGTAAACTATGCGGAAATTATTATTTTTTGA	AAGCCATAAAA	+
2257_4524_0.5283_0.5125	MA0507.1	-63	0.0305138	30.8495	0.450713	13	TTGTCGAATACCCAACATACTTTTCTCATGAGTCATCATGACTCATGCGAAAAGTATGTGCAATTCTACAAATTCCAAAGTTATGAGTCATCAAAAAGGAATGTAAACTATGCGGAAATTATTATTTTTTGA	ATATGCAAATGAA	-
2257_4524_0.5283_0.5125	MA0679.2	-84	0.0329622	33.3248	0.483217	16	TTGTCGAATACCCAACATACTTTTCTCATGAGTCATCATGACTCATGCGAAAAGTATGTGCAATTCTACAAATTCCAAAGTTATGAGTCATCAAAAAGGAATGTAAACTATGCGGAAATTATTATTTTTTGA	AAAAAATCAATAAATA	+
2257_4524_0.5283_0.5125	MA0790.1	-81	0.0341009	34.476	0.49618	14	TTGTCGAATACCCAACATACTTTTCTCATGAGTCATCATGACTCATGCGAAAAGTATGTGCAATTCTACAAATTCCAAAGTTATGAGTCATCAAAAAGGAATGTAAACTATGCGGAAATTATTATTTTTTGA	CATTAATTATTCAT	-

# Tomtom (Motif Comparison Tool): Version 5.1.0 compiled on Nov 27 2019 at 01:03:07
# The format of this file is described at http://meme-suite.org/doc/tomtom-output-format.html.
# tomtom -no-ssc -o result/xadiv/xadiv.out result/xadiv/xadiv.meme ../../../JASPAR2020.txt
