Query_ID	Target_ID	Optimal_offset	p-value	E-value	q-value	Overlap	Query_consensus	Target_consensus	Orientation
5356_10839_2.9625_1.9296	MA0068.1	-83	3.96606e-06	0.00400968	0.00801936	30	CGCGCGCGCGCGCGCGCGCGCGCGCGCGCGCGCGCGCGCGCGCGCGCGCGCGCGCGCGCGCGCGCGCGCGCGCGCGCGCGCGCGCGCGCGCGGGGGGGGGGGGGCGGGGGCGCGCGCGCGCGCGCGCGCGCCGCGCGCGCGCGCGCGCGCGCGGGGGGCGGGG	GGGGGGGGAGTGGAGTATTGGAAATTTTTC	-

# Tomtom (Motif Comparison Tool): Version 5.1.0 compiled on Oct  9 2020 at 08:11:46
# The format of this file is described at http://meme-suite.org//doc/tomtom-output-format.html.
# tomtom -no-ssc -thresh 0.01 -o result/x04620/x04620.out result/x04620/x04620.meme ../../../JASPAR2020.txt
