Query_ID	Target_ID	Optimal_offset	p-value	E-value	q-value	Overlap	Query_consensus	Target_consensus	Orientation
4112_3019_36.6257_25.4219	MA0139.1	-41	5.68812e-16	5.75069e-13	1.15014e-12	19	GGGGGGGGCGGCGGCCGGGGGGGGGGGTGCACTACCCCTTTCCACCACTAGGGGGCGCTATTGCCCCCCTATACGCGGGCGCAAGAGCGCCCCCTCGTGGGCGCGAGGGGGAGCGCGCCCGCGGGCGGGGGGGGGGGGGGGCGG	TGGCCACCAGGGGGCGCTA	+
4112_3019_36.6257_25.4219	MA1102.1	-45	2.5641e-07	0.00025923	0.00025923	14	GGGGGGGGCGGCGGCCGGGGGGGGGGGTGCACTACCCCTTTCCACCACTAGGGGGCGCTATTGCCCCCCTATACGCGGGCGCAAGAGCGCCCCCTCGTGGGCGCGAGGGGGAGCGCGCCCGCGGGCGGGGGGGGGGGGGGGCGG	CACCAGGGGGCACC	+
4112_3019_36.6257_25.4219	MA0068.1	-5	6.40357e-07	0.000647401	0.0004316	30	GGGGGGGGCGGCGGCCGGGGGGGGGGGTGCACTACCCCTTTCCACCACTAGGGGGCGCTATTGCCCCCCTATACGCGGGCGCAAGAGCGCCCCCTCGTGGGCGCGAGGGGGAGCGCGCCCGCGGGCGGGGGGGGGGGGGGGCGG	GGGGGGGGAGTGGAGTATTGGAAATTTTTC	-
4112_3019_36.6257_25.4219	MA1102.2	-46	8.46612e-06	0.00855925	0.0034237	12	GGGGGGGGCGGCGGCCGGGGGGGGGGGTGCACTACCCCTTTCCACCACTAGGGGGCGCTATTGCCCCCCTATACGCGGGCGCAAGAGCGCCCCCTCGTGGGCGCGAGGGGGAGCGCGCCCGCGGGCGGGGGGGGGGGGGGGCGG	AGCAGGGGGCGC	+

# Tomtom (Motif Comparison Tool): Version 5.1.0 compiled on Oct  9 2020 at 08:11:46
# The format of this file is described at http://meme-suite.org//doc/tomtom-output-format.html.
# tomtom -no-ssc -o result/x4112/x4112.out result/x4112/x4112.meme ../../JASPAR2020.txt
