Query_ID	Target_ID	Optimal_offset	p-value	E-value	q-value	Overlap	Query_consensus	Target_consensus	Orientation
9885_1899_13.4058_13.4826	MA0139.1	-69	3.64429e-11	3.68438e-08	7.36875e-08	19	AGCGCTGCAGTGCCCCCTAGTGGCCGCTAGGGGGCGCTAGCGCCCCCTAGTGGCCACTAGGGGGCGCTATAGCGCCCCCTAGTGGCCACTAGGGGGCGCTGCAGCGCCCCCTAGTGGCCACTAGGGGGCGCTATAGCCACTAGGGGGCGCTATCGCGCCGGCG	TAGCGCCCCCTGGTGGCCA	-
9885_1899_13.4058_13.4826	MA1102.1	-70	3.22438e-06	0.00325985	0.00217323	14	AGCGCTGCAGTGCCCCCTAGTGGCCGCTAGGGGGCGCTAGCGCCCCCTAGTGGCCACTAGGGGGCGCTATAGCGCCCCCTAGTGGCCACTAGGGGGCGCTGCAGCGCCCCCTAGTGGCCACTAGGGGGCGCTATAGCCACTAGGGGGCGCTATCGCGCCGGCG	GGTGCCCCCTGGTG	-

# Tomtom (Motif Comparison Tool): Version 5.1.0 compiled on Oct  9 2020 at 08:11:46
# The format of this file is described at http://meme-suite.org//doc/tomtom-output-format.html.
# tomtom -no-ssc -thresh 0.01 -o result/x08637/x08637.out result/x08637/x08637.meme ../../../JASPAR2020.txt
