Query_ID	Target_ID	Optimal_offset	p-value	E-value	q-value	Overlap	Query_consensus	Target_consensus	Orientation
4291_9134_0.9310_0.1281	MA0068.1	0	1.08568e-07	0.000109762	0.000219524	30	CCCCCCCCCCCCCCCCCCCCGCCCCCCCGCCCCCCCCGTCGCCCCCGGGGCCGCGGCGGCGGCGGGGGCGGCGCCGCCGGCGGCCCCGCGGCGGCGCGCGCCGCGCCCGCCGCCGCGTCGCGGGCGGCGCCGTGGCCCACGTGGGGGGGCCCGTGGGGGGGGC	GAAAAATTTCCCATACTCCACTCCCCCCCC	+

# Tomtom (Motif Comparison Tool): Version 5.1.0 compiled on Oct  9 2020 at 08:11:46
# The format of this file is described at http://meme-suite.org//doc/tomtom-output-format.html.
# tomtom -no-ssc -thresh 0.01 -o result/x03763/x03763.out result/x03763/x03763.meme ../../../JASPAR2020.txt
