<!DOCTYPE HTML>
<html>
  <head>
    <meta charset="UTF-8">
    <title>TOMTOM</title>
    <script>
      // @JSON_VAR data
      var data = {
        "program": "Tomtom",
        "version": "5.1.0",
        "release": "Fri Oct 11 15:53:28 2019 -0700",
        "cmd": [
          "tomtom", "-no-ssc", "-o", "result/x0123/x0123.out",
          "result/x0123/x0123.meme", "../../JASPAR2020.txt"
        ],
        "options": {
          "strands": "both",
          "distance_measure": "ed",
          "threshold_type": "qvalue",
          "threshold_value": 0.5,
          "background_source": "--query--"
        },
        "alphabet": {
          "name": "DNA",
          "like": "dna",
          "ncore": 4,
          "symbols": [
            {
              "symbol": "A",
              "name": "Adenine",
              "colour": "CC0000",
              "complement": "T"
            }, {
              "symbol": "C",
              "name": "Cytosine",
              "colour": "0000CC",
              "complement": "G"
            }, {
              "symbol": "G",
              "name": "Guanine",
              "colour": "FFB300",
              "complement": "C"
            }, {
              "symbol": "T",
              "aliases": "U",
              "name": "Thymine",
              "colour": "008000",
              "complement": "A"
            }, {
              "symbol": "N",
              "aliases": "X.",
              "name": "Any base",
              "equals": "ACGT"
            }, {
              "symbol": "V",
              "name": "Not T",
              "equals": "ACG"
            }, {
              "symbol": "H",
              "name": "Not G",
              "equals": "ACT"
            }, {
              "symbol": "D",
              "name": "Not C",
              "equals": "AGT"
            }, {
              "symbol": "B",
              "name": "Not A",
              "equals": "CGT"
            }, {
              "symbol": "M",
              "name": "Amino",
              "equals": "AC"
            }, {
              "symbol": "R",
              "name": "Purine",
              "equals": "AG"
            }, {
              "symbol": "W",
              "name": "Weak",
              "equals": "AT"
            }, {
              "symbol": "S",
              "name": "Strong",
              "equals": "CG"
            }, {
              "symbol": "Y",
              "name": "Pyrimidine",
              "equals": "CT"
            }, {
              "symbol": "K",
              "name": "Keto",
              "equals": "GT"
            }
          ]
        },
        "background": [0.25, 0.25, 0.25, 0.25],
        "query_dbs": [
          {
            "source": "result/x0123/x0123.meme",
            "name": "x0123",
            "loaded": 1,
            "excluded": 0,
            "last_modified": "Fri Jan 29 18:03:23 2021"
          }
        ],
        "target_dbs": [
          {
            "source": "../../JASPAR2020.txt",
            "name": "JASPAR2020.txt",
            "loaded": 1011,
            "excluded": 0,
            "last_modified": "Fri Jan 29 17:26:37 2021"
          }
        ],
        "queries": [
          {
            "db": 0,
            "id": "0123_1269_5.7236_4.1999",
            "len": 56,
            "nsites": 998,
            "pwm": [
              [0.147305, 0.299594, 0.282562, 0.270539], 
              [0.184561, 0.295883, 0.285854, 0.233703], 
              [0.188572, 0.234706, 0.352046, 0.224677], 
              [0.172353, 0.301598, 0.314623, 0.211427], 
              [0.199404, 0.300596, 0.249499, 0.250501], 
              [0.154319, 0.199404, 0.205415, 0.440863], 
              [0.279556, 0.206417, 0.266531, 0.247495], 
              [0.140432, 0.26379, 0.393166, 0.202613], 
              [0.281278, 0.327319, 0.1942, 0.197202], 
              [0.112238, 0.219442, 0.370729, 0.29759], 
              [0.271813, 0.171523, 0.470389, 0.0862754], 
              [0.05012, 0.441865, 0.116245, 0.39177], 
              [0.364718, 0.204414, 0.170349, 0.26052], 
              [0.0120478, 0.790527, 0.00403265, 0.193393], 
              [0.998924, 0.00102595, 2.50476e-05, 2.50476e-05], 
              [0.00202685, 0.478455, 0.519493, 2.50476e-05], 
              [0.010034, 0.470448, 0.519493, 2.50476e-05], 
              [2.50476e-05, 2.50476e-05, 0.0120358, 0.987914], 
              [0.279837, 0.00303375, 0.662948, 0.0541816], 
              [0.190196, 0.135147, 0.265263, 0.409393], 
              [0.54661, 0.150461, 0.23972, 0.0632087], 
              [0.161332, 0.245491, 0.152315, 0.440863], 
              [0.328649, 0.345681, 0.162334, 0.163336], 
              [0.253761, 0.145446, 0.19459, 0.406203], 
              [0.396779, 0.15532, 0.208421, 0.23948], 
              [0.189385, 0.185377, 0.201408, 0.423831], 
              [0.431276, 0.197598, 0.175534, 0.195592], 
              [0.307609, 0.206417, 0.143298, 0.342676], 
              [0.332657, 0.15532, 0.234471, 0.277552], 
              [0.348034, 0.113354, 0.272816, 0.265795], 
              [0.429842, 0.17636, 0.169347, 0.224452], 
              [0.27227, 0.156165, 0.152162, 0.419402], 
              [0.285567, 0.174357, 0.248497, 0.291579], 
              [0.241242, 0.204209, 0.247247, 0.307301], 
              [0.349689, 0.216436, 0.123259, 0.310615], 
              [0.36071, 0.115244, 0.103221, 0.420825], 
              [0.351693, 0.167343, 0.123259, 0.357704], 
              [0.385141, 0.119371, 0.1294, 0.366086], 
              [0.36071, 0.175358, 0.154319, 0.309613], 
              [0.387762, 0.196398, 0.11324, 0.3026], 
              [0.299594, 0.227457, 0.154319, 0.31863], 
              [0.497971, 0.11324, 0.142296, 0.246493], 
              [0.29429, 0.0981132, 0.253253, 0.354344], 
              [0.390376, 0.0841006, 0.293289, 0.232234], 
              [0.275548, 0.0952055, 0.277552, 0.351693], 
              [0.40639, 0.0790961, 0.246246, 0.268266], 
              [0.270539, 0.0871903, 0.305605, 0.336664], 
              [0.252252, 0.185191, 0.315308, 0.247247], 
              [0.182372, 0.132277, 0.427838, 0.257514], 
              [0.242243, 0.145156, 0.323316, 0.289285], 
              [0.167343, 0.189385, 0.448878, 0.194395], 
              [0.171351, 0.278554, 0.295586, 0.254509], 
              [0.228459, 0.1443, 0.349689, 0.277552], 
              [0.148158, 0.20621, 0.334326, 0.311305], 
              [0.190387, 0.179366, 0.389766, 0.240482], 
              [0.107336, 0.24674, 0.446319, 0.199604]
            ]
          }
        ],
        "targets": [
          {
            "db": 0,
            "id": "MA0004.1",
            "alt": "Arnt",
            "len": 6,
            "nsites": 20,
            "url": "http://jaspar.genereg.net/matrix/MA0004.1",
            "pwm": [
              [0.200249, 0.797264, 0.00124378, 0.00124378], 
              [0.946517, 0.00124378, 0.050995, 0.00124378], 
              [0.00124378, 0.996269, 0.00124378, 0.00124378], 
              [0.00124378, 0.00124378, 0.996269, 0.00124378], 
              [0.00124378, 0.00124378, 0.00124378, 0.996269], 
              [0.00124378, 0.00124378, 0.996269, 0.00124378]
            ]
          }, {
            "db": 0,
            "id": "MA0007.1",
            "alt": "Ar",
            "len": 22,
            "nsites": 24,
            "url": "http://jaspar.genereg.net/matrix/MA0007.1",
            "pwm": [
              [0.374481, 0.291494, 0.0840246, 0.25], 
              [0.374481, 0.0840246, 0.125519, 0.415975], 
              [0.457469, 0.125519, 0.125519, 0.291494], 
              [0.664938, 0.0425315, 0.291494, 0.00103734], 
              [0.00103734, 0.00103734, 0.913901, 0.0840246], 
              [0.498963, 0.25, 0.0425315, 0.208506], 
              [0.872407, 0.0840246, 0.00103734, 0.0425315], 
              [0.00103734, 0.996888, 0.00103734, 0.00103734], 
              [0.623444, 0.00103734, 0.332987, 0.0425315], 
              [0.167013, 0.374481, 0.0840246, 0.374481], 
              [0.208506, 0.457469, 0.0840246, 0.25], 
              [0.25, 0.374481, 0.374481, 0.00103734], 
              [0.125519, 0.208506, 0.0425315, 0.623444], 
              [0.00103734, 0.00103734, 0.996888, 0.00103734], 
              [0.167013, 0.00103734, 0.00103734, 0.830913], 
              [0.457469, 0.208506, 0.0425315, 0.291494], 
              [0.0425315, 0.913901, 0.0425315, 0.00103734], 
              [0.125519, 0.664938, 0.0425315, 0.167013], 
              [0.25, 0.291494, 0.208506, 0.25], 
              [0.25, 0.208506, 0.374481, 0.167013], 
              [0.415975, 0.457469, 0.00103734, 0.125519], 
              [0.208506, 0.457469, 0.25, 0.0840246]
            ]
          }, {
            "db": 0,
            "id": "MA0014.1",
            "alt": "Pax5",
            "len": 20,
            "nsites": 12,
            "url": "http://jaspar.genereg.net/matrix/MA0014.1",
            "pwm": [
              [0.332644, 0.0847104, 0.332644, 0.25], 
              [0.332644, 0.00206612, 0.663223, 0.00206612], 
              [0.332644, 0.25, 0.25, 0.167356], 
              [0.0847104, 0.167356, 0.41529, 0.332644], 
              [0.167356, 0.580578, 0.0847104, 0.167356], 
              [0.580578, 0.167356, 0.0847104, 0.167356], 
              [0.167356, 0.41529, 0.25, 0.167356], 
              [0.00206612, 0.25, 0.167356, 0.580578], 
              [0.0847104, 0.167356, 0.663223, 0.0847104], 
              [0.497934, 0.0847104, 0.25, 0.167356], 
              [0.497934, 0.00206612, 0.167356, 0.332644], 
              [0.00206612, 0.00206612, 0.993802, 0.00206612], 
              [0.167356, 0.663223, 0.0847104, 0.0847104], 
              [0.25, 0.00206612, 0.745868, 0.00206612], 
              [0.0847104, 0.00206612, 0.332644, 0.580578], 
              [0.497934, 0.0847104, 0.41529, 0.00206612], 
              [0.41529, 0.0847104, 0.41529, 0.0847104], 
              [0.167356, 0.828512, 0.00206612, 0.00206612], 
              [0.167356, 0.41529, 0.41529, 0.00206612], 
              [0.41529, 0.00206612, 0.497934, 0.0847104]
            ]
          }, {
            "db": 0,
            "id": "MA0014.2",
            "alt": "PAX5",
            "len": 19,
            "nsites": 896,
            "url": "http://jaspar.genereg.net/matrix/MA0014.2",
            "pwm": [
              [0.29129, 0.254464, 0.371638, 0.0826077], 
              [0.351551, 0.0658686, 0.247768, 0.334812], 
              [0.34374, 0.0335062, 0.609335, 0.0134194], 
              [0.273435, 0.165188, 0.374986, 0.186391], 
              [2.78987e-05, 0.188623, 0.507783, 0.303565], 
              [0.04355, 0.821365, 2.78987e-05, 0.135058], 
              [0.854843, 0.0234633, 0.0926516, 0.0290427], 
              [0.169652, 0.181928, 0.594828, 0.0535929], 
              [0.0100718, 0.600407, 0.0390855, 0.350435], 
              [0.194202, 0.46761, 0.328116, 0.0100718], 
              [0.604871, 0.0089559, 0.383914, 0.00225965], 
              [0.599291, 0.0189988, 0.206478, 0.175231], 
              [2.78987e-05, 0.239956, 0.757755, 0.00225965], 
              [0.00337553, 0.838104, 0.0189988, 0.139521], 
              [0.353783, 0.0189988, 0.60264, 0.0245792], 
              [0.170768, 0.0457818, 0.173, 0.610451], 
              [0.251116, 0.00672315, 0.735437, 0.00672315], 
              [0.655089, 0.0368538, 0.247768, 0.0602892], 
              [0.169652, 0.744365, 0.0279268, 0.0580574]
            ]
          }, {
            "db": 0,
            "id": "MA0033.1",
            "alt": "FOXL1",
            "len": 8,
            "nsites": 23,
            "url": "http://jaspar.genereg.net/matrix/MA0033.1",
            "pwm": [
              [0.304113, 0.044372, 0.174242, 0.477273], 
              [0.433983, 0.174242, 0.0876628, 0.304113], 
              [0.260823, 0.130953, 0.260823, 0.347403], 
              [0.563852, 0.174242, 0.174242, 0.0876628], 
              [0.174242, 0.433983, 0.0876628, 0.304113], 
              [0.910173, 0.00108225, 0.0876628, 0.00108225], 
              [0.00108225, 0.0876628, 0.00108225, 0.910173], 
              [0.953463, 0.044372, 0.00108225, 0.00108225]
            ]
          }, {
            "db": 0,
            "id": "MA0048.1",
            "alt": "NHLH1",
            "len": 12,
            "nsites": 54,
            "url": "http://jaspar.genereg.net/matrix/MA0048.1",
            "pwm": [
              [0.240758, 0.240758, 0.314695, 0.20379], 
              [0.240758, 0.721349, 0.0374306, 0.000462107], 
              [0.0559154, 0.092884, 0.684381, 0.166821], 
              [0.0189469, 0.980129, 0.000462107, 0.000462107], 
              [0.998614, 0.000462107, 0.000462107, 0.000462107], 
              [0.0189469, 0.0189469, 0.961645, 0.000462107], 
              [0.0189469, 0.924677, 0.0559154, 0.000462107], 
              [0.0189469, 0.0189469, 0.000462107, 0.961645], 
              [0.000462107, 0.000462107, 0.980129, 0.0189469], 
              [0.0559154, 0.684381, 0.148336, 0.111368], 
              [0.0374306, 0.000462107, 0.684381, 0.277727], 
              [0.092884, 0.314695, 0.222273, 0.370148]
            ]
          }, {
            "db": 0,
            "id": "MA0048.2",
            "alt": "NHLH1",
            "len": 10,
            "nsites": 3246,
            "url": "http://jaspar.genereg.net/matrix/MA0048.2",
            "pwm": [
              [0.24276, 0.66727, 0.055767, 0.0342026], 
              [0.15638, 0.0607248, 0.73472, 0.0481742], 
              [0.00139066, 0.998594, 7.70155e-06, 7.70155e-06], 
              [0.998134, 0.00138966, 0.000468687, 7.70155e-06], 
              [7.70155e-06, 0.116625, 0.839192, 0.0441753], 
              [0.0402415, 0.907775, 0.0519761, 7.70155e-06], 
              [7.70155e-06, 0.00184764, 0.00184764, 0.996297], 
              [0.000927673, 0.00184864, 0.996756, 0.000467687], 
              [0.101584, 0.743293, 0.0350096, 0.120114], 
              [0.0655517, 0.156632, 0.460943, 0.316874]
            ]
          }, {
            "db": 0,
            "id": "MA0050.2",
            "alt": "IRF1",
            "len": 21,
            "nsites": 1362,
            "url": "http://jaspar.genereg.net/matrix/MA0050.2",
            "pwm": [
              [0.232013, 0.23495, 0.195305, 0.337733], 
              [0.184293, 0.20852, 0.184293, 0.422894], 
              [0.127028, 0.237886, 0.15566, 0.479425], 
              [0.101333, 0.315707, 0.108674, 0.474286], 
              [0.539627, 0.0741689, 0.26505, 0.121154], 
              [0.0176381, 0.581474, 0.371503, 0.0293852], 
              [0.00882871, 1.8354e-05, 1.8354e-05, 0.991135], 
              [1.8354e-05, 0.0227777, 1.8354e-05, 0.977186], 
              [1.8354e-05, 0.0411313, 0.00295514, 0.955895], 
              [1.8354e-05, 0.916985, 1.8354e-05, 0.0829783], 
              [0.670307, 0.0286503, 0.174749, 0.126294], 
              [0.0147013, 0.577803, 0.253304, 0.154192], 
              [0.0117645, 0.0007523, 1.8354e-05, 0.987464], 
              [0.00515798, 0.0102966, 0.00368908, 0.980856], 
              [0.00809376, 0.0425992, 1.8354e-05, 0.949288], 
              [0.0124994, 0.751064, 0.0205748, 0.215862], 
              [0.376643, 0.179888, 0.193102, 0.250367], 
              [0.160066, 0.340668, 0.213659, 0.285606], 
              [0.106472, 0.136572, 0.0837122, 0.673244], 
              [0.145382, 0.141711, 0.0727, 0.640206], 
              [0.121889, 0.243026, 0.110876, 0.524209]
            ]
          }, {
            "db": 0,
            "id": "MA0058.1",
            "alt": "MAX",
            "len": 10,
            "nsites": 17,
            "url": "http://jaspar.genereg.net/matrix/MA0058.1",
            "pwm": [
              [0.352339, 0.059942, 0.352339, 0.23538], 
              [0.644737, 0.059942, 0.29386, 0.00146199], 
              [0.29386, 0.410819, 0.059942, 0.23538], 
              [0.00146199, 0.995614, 0.00146199, 0.00146199], 
              [0.937134, 0.059942, 0.00146199, 0.00146199], 
              [0.00146199, 0.995614, 0.00146199, 0.00146199], 
              [0.059942, 0.00146199, 0.937134, 0.00146199], 
              [0.00146199, 0.00146199, 0.00146199, 0.995614], 
              [0.00146199, 0.00146199, 0.995614, 0.00146199], 
              [0.352339, 0.176901, 0.29386, 0.176901]
            ]
          }, {
            "db": 0,
            "id": "MA0058.2",
            "alt": "MAX",
            "len": 10,
            "nsites": 24565,
            "url": "http://jaspar.genereg.net/matrix/MA0058.2",
            "pwm": [
              [0.511173, 0.0301659, 0.335559, 0.123103], 
              [0.551882, 0.0452688, 0.276043, 0.126807], 
              [0.204112, 0.146021, 0.511743, 0.138123], 
              [1.0177e-06, 0.999997, 1.0177e-06, 1.0177e-06], 
              [0.999997, 1.0177e-06, 1.0177e-06, 1.0177e-06], 
              [1.0177e-06, 0.999997, 1.0177e-06, 1.0177e-06], 
              [0.798614, 1.0177e-06, 0.201384, 1.0177e-06], 
              [1.0177e-06, 1.0177e-06, 1.0177e-06, 0.999997], 
              [1.0177e-06, 1.0177e-06, 0.999997, 1.0177e-06], 
              [0.004967, 0.117607, 0.577813, 0.299613]
            ]
          }, {
            "db": 0,
            "id": "MA0058.3",
            "alt": "MAX",
            "len": 10,
            "nsites": 6877,
            "url": "http://jaspar.genereg.net/matrix/MA0058.3",
            "pwm": [
              [0.480875, 0.226261, 0.18831, 0.104553], 
              [0.278545, 0.40858, 0.220218, 0.0926573], 
              [0.00564355, 0.994349, 3.63525e-06, 3.63525e-06], 
              [0.982134, 3.63525e-06, 0.0124305, 0.00543156], 
              [3.63525e-06, 0.966807, 0.000987621, 0.0322022], 
              [0.045301, 0.00537356, 0.946706, 0.0026196], 
              [0.00968949, 0.0223223, 0.00281059, 0.965178], 
              [3.63525e-06, 0.00389458, 0.99091, 0.00519156], 
              [0.195056, 0.356362, 0.238255, 0.210328], 
              [0.163177, 0.323588, 0.143399, 0.369835]
            ]
          }, {
            "db": 0,
            "id": "MA0059.1",
            "alt": "MAX::MYC",
            "len": 11,
            "nsites": 21,
            "url": "http://jaspar.genereg.net/matrix/MA0059.1",
            "pwm": [
              [0.332938, 0.0485782, 0.427725, 0.190758], 
              [0.712086, 0.0485782, 0.190758, 0.0485782], 
              [0.0959715, 0.427725, 0.427725, 0.0485782], 
              [0.0485782, 0.949052, 0.00118483, 0.00118483], 
              [0.996445, 0.00118483, 0.00118483, 0.00118483], 
              [0.00118483, 0.949052, 0.00118483, 0.0485782], 
              [0.0485782, 0.00118483, 0.949052, 0.00118483], 
              [0.00118483, 0.0485782, 0.00118483, 0.949052], 
              [0.00118483, 0.00118483, 0.996445, 0.00118483], 
              [0.0485782, 0.0485782, 0.854266, 0.0485782], 
              [0.143365, 0.238151, 0.00118483, 0.617299]
            ]
          }, {
            "db": 0,
            "id": "MA0068.1",
            "alt": "Pax4",
            "len": 30,
            "nsites": 21,
            "url": "http://jaspar.genereg.net/matrix/MA0068.1",
            "pwm": [
              [0.332938, 0.0959715, 0.522512, 0.0485782], 
              [0.949052, 0.00118483, 0.0485782, 0.00118483], 
              [0.759479, 0.0959715, 0.0485782, 0.0959715], 
              [0.522512, 0.0485782, 0.0485782, 0.380331], 
              [0.617299, 0.0485782, 0.143365, 0.190758], 
              [0.522512, 0.143365, 0.0485782, 0.285545], 
              [0.285545, 0.0485782, 0.0959715, 0.569906], 
              [0.427725, 0.0485782, 0.0485782, 0.475118], 
              [0.238151, 0.143365, 0.285545, 0.332938], 
              [0.238151, 0.522512, 0.0485782, 0.190758], 
              [0.285545, 0.522512, 0.190758, 0.00118483], 
              [0.332938, 0.332938, 0.238151, 0.0959715], 
              [0.380331, 0.332938, 0.0959715, 0.190758], 
              [0.285545, 0.238151, 0.0485782, 0.427725], 
              [0.475118, 0.238151, 0.190758, 0.0959715], 
              [0.190758, 0.380331, 0.190758, 0.238151], 
              [0.143365, 0.285545, 0.190758, 0.380331], 
              [0.332938, 0.380331, 0.143365, 0.143365], 
              [0.190758, 0.427725, 0.143365, 0.238151], 
              [0.427725, 0.285545, 0.0959715, 0.190758], 
              [0.238151, 0.332938, 0.238151, 0.190758], 
              [0.238151, 0.285545, 0.0959715, 0.380331], 
              [0.332938, 0.522512, 0.00118483, 0.143365], 
              [0.285545, 0.427725, 0.0485782, 0.238151], 
              [0.143365, 0.569906, 0.0959715, 0.190758], 
              [0.332938, 0.427725, 0.0959715, 0.143365], 
              [0.143365, 0.569906, 0.0959715, 0.190758], 
              [0.0485782, 0.522512, 0.143365, 0.285545], 
              [0.285545, 0.522512, 0.0485782, 0.143365], 
              [0.143365, 0.617299, 0.0959715, 0.143365]
            ]
          }, {
            "db": 0,
            "id": "MA0080.5",
            "alt": "SPI1",
            "len": 20,
            "nsites": 133203,
            "url": "http://jaspar.genereg.net/matrix/MA0080.5",
            "pwm": [
              [0.316817, 0.169568, 0.288319, 0.225295], 
              [0.362154, 0.159621, 0.257329, 0.220896], 
              [0.406552, 0.151521, 0.280332, 0.161595], 
              [0.591811, 0.0857641, 0.194388, 0.128038], 
              [0.614881, 0.0921081, 0.192038, 0.100974], 
              [0.748774, 0.0218762, 0.101191, 0.128158], 
              [0.11487, 0.0822651, 0.756927, 0.0459372], 
              [0.848982, 0.0257132, 0.0941721, 0.0311332], 
              [0.0392632, 0.00426418, 0.943694, 0.0127772], 
              [0.0249472, 0.00716218, 0.958228, 0.00966218], 
              [0.969774, 0.0100522, 0.0105632, 0.00960918], 
              [0.960097, 0.00594618, 0.00982018, 0.0241362], 
              [0.0846751, 0.0745551, 0.824321, 0.0164492], 
              [0.104585, 0.0279052, 0.0542861, 0.813225], 
              [0.0827911, 0.0953211, 0.776897, 0.0449912], 
              [0.682605, 0.0849531, 0.155004, 0.0774381], 
              [0.456679, 0.150995, 0.229552, 0.162774], 
              [0.446386, 0.127077, 0.219124, 0.207413], 
              [0.295872, 0.197038, 0.261473, 0.245618], 
              [0.321599, 0.186813, 0.21272, 0.278868]
            ]
          }, {
            "db": 0,
            "id": "MA0091.1",
            "alt": "TAL1::TCF3",
            "len": 12,
            "nsites": 44,
            "url": "http://jaspar.genereg.net/matrix/MA0091.1",
            "pwm": [
              [0.295352, 0.318027, 0.181973, 0.204648], 
              [0.204648, 0.227325, 0.454081, 0.113945], 
              [0.884921, 0.000566893, 0.0685943, 0.0459188], 
              [0.454081, 0.544785, 0.000566893, 0.000566893], 
              [0.000566893, 0.975624, 0.0232424, 0.000566893], 
              [0.998299, 0.000566893, 0.000566893, 0.000566893], 
              [0.000566893, 0.0232424, 0.25, 0.726191], 
              [0.272675, 0.726191, 0.000566893, 0.000566893], 
              [0.000566893, 0.000566893, 0.000566893, 0.998299], 
              [0.000566893, 0.000566893, 0.975624, 0.0232424], 
              [0.000566893, 0.0685943, 0.454081, 0.476758], 
              [0.0912698, 0.0912698, 0.0459188, 0.771542]
            ]
          }, {
            "db": 0,
            "id": "MA0093.1",
            "alt": "USF1",
            "len": 7,
            "nsites": 30,
            "url": "http://jaspar.genereg.net/matrix/MA0093.1",
            "pwm": [
              [0.000830565, 0.997508, 0.000830565, 0.000830565], 
              [0.997508, 0.000830565, 0.000830565, 0.000830565], 
              [0.000830565, 0.931063, 0.000830565, 0.0672761], 
              [0.0340528, 0.000830565, 0.964286, 0.000830565], 
              [0.000830565, 0.0340528, 0.0340528, 0.931063], 
              [0.000830565, 0.000830565, 0.997508, 0.000830565], 
              [0.299834, 0.0672761, 0.465947, 0.166944]
            ]
          }, {
            "db": 0,
            "id": "MA0093.2",
            "alt": "USF1",
            "len": 11,
            "nsites": 16842,
            "url": "http://jaspar.genereg.net/matrix/MA0093.2",
            "pwm": [
              [0.287733, 0.223489, 0.425245, 0.0635331], 
              [0.087402, 0.442227, 0.177117, 0.293255], 
              [0.00255447, 0.997443, 1.48438e-06, 1.48438e-06], 
              [0.984024, 1.48438e-06, 1.48438e-06, 0.0159734], 
              [0.0111644, 0.610317, 0.0553392, 0.32318], 
              [0.0952979, 0.0353293, 0.86937, 1.48438e-06], 
              [1.48438e-06, 1.48438e-06, 1.48438e-06, 0.999996], 
              [1.48438e-06, 1.48438e-06, 0.999996, 1.48438e-06], 
              [0.876495, 1.48438e-06, 0.081642, 0.0418612], 
              [1.48438e-06, 0.781733, 1.48438e-06, 0.218264], 
              [0.108124, 0.589358, 0.0660861, 0.236433]
            ]
          }, {
            "db": 0,
            "id": "MA0093.3",
            "alt": "USF1",
            "len": 14,
            "nsites": 55334,
            "url": "http://jaspar.genereg.net/matrix/MA0093.3",
            "pwm": [
              [0.260599, 0.189142, 0.26472, 0.285539], 
              [0.29087, 0.11342, 0.375682, 0.220027], 
              [0.136878, 0.0547584, 0.778797, 0.0295664], 
              [0.0694153, 0.172462, 0.0706983, 0.687424], 
              [0.00963243, 0.967505, 0.0138434, 0.00901844], 
              [0.969638, 0.0118194, 0.00862044, 0.00992243], 
              [0.00755444, 0.23828, 0.0662523, 0.687912], 
              [0.0624033, 0.0250664, 0.904976, 0.00755444], 
              [0.00809644, 0.00477144, 0.0108614, 0.97627], 
              [0.00728344, 0.0147654, 0.969276, 0.00867544], 
              [0.823851, 0.0550294, 0.0845593, 0.0365604], 
              [0.0333434, 0.749086, 0.0545424, 0.163028], 
              [0.203853, 0.35161, 0.125474, 0.319062], 
              [0.254581, 0.261593, 0.186739, 0.297087]
            ]
          }, {
            "db": 0,
            "id": "MA0100.3",
            "alt": "MYB",
            "len": 10,
            "nsites": 1527,
            "url": "http://jaspar.genereg.net/matrix/MA0100.3",
            "pwm": [
              [0.278322, 0.276357, 0.196468, 0.248854], 
              [0.191229, 0.280286, 0.259986, 0.268499], 
              [1.63709e-05, 0.990783, 0.00329016, 0.00590998], 
              [0.967864, 0.00198124, 0.0255547, 0.00460007], 
              [0.994712, 0.00132629, 1.63709e-05, 0.00394511], 
              [1.63709e-05, 0.999951, 1.63709e-05, 1.63709e-05], 
              [0.000671328, 0.0393068, 0.0445455, 0.915477], 
              [0.00525503, 0.00198124, 0.992747, 1.63709e-05], 
              [0.262605, 0.315648, 0.0962771, 0.32547], 
              [0.276357, 0.34577, 0.147355, 0.230518]
            ]
          }, {
            "db": 0,
            "id": "MA0103.1",
            "alt": "ZEB1",
            "len": 6,
            "nsites": 41,
            "url": "http://jaspar.genereg.net/matrix/MA0103.1",
            "pwm": [
              [0.0249389, 0.827859, 0.0249389, 0.122263], 
              [0.925182, 0.000608273, 0.0492696, 0.0249389], 
              [0.000608273, 0.973845, 0.0249389, 0.000608273], 
              [0.000608273, 0.925182, 0.0736012, 0.000608273], 
              [0.000608273, 0.0249389, 0.000608273, 0.973845], 
              [0.243917, 0.0249389, 0.389903, 0.34124]
            ]
          }, {
            "db": 0,
            "id": "MA0103.2",
            "alt": "ZEB1",
            "len": 9,
            "nsites": 3555,
            "url": "http://jaspar.genereg.net/matrix/MA0103.2",
            "pwm": [
              [0.240788, 0.409279, 0.233474, 0.11646], 
              [7.03215e-06, 0.841333, 7.03215e-06, 0.158653], 
              [0.336707, 0.0936754, 0.121242, 0.448377], 
              [7.03215e-06, 0.891684, 7.03215e-06, 0.108302], 
              [0.999979, 7.03215e-06, 7.03215e-06, 7.03215e-06], 
              [7.03215e-06, 0.999979, 7.03215e-06, 7.03215e-06], 
              [7.03215e-06, 0.999979, 7.03215e-06, 7.03215e-06], 
              [7.03215e-06, 7.03215e-06, 7.03215e-06, 0.999979], 
              [7.03215e-06, 7.03215e-06, 0.999979, 7.03215e-06]
            ]
          }, {
            "db": 0,
            "id": "MA0103.3",
            "alt": "ZEB1",
            "len": 11,
            "nsites": 20129,
            "url": "http://jaspar.genereg.net/matrix/MA0103.3",
            "pwm": [
              [0.159521, 0.397336, 0.259725, 0.183417], 
              [0.232749, 0.275722, 0.25729, 0.234239], 
              [0.00566421, 0.953596, 0.0078502, 0.0328891], 
              [0.988868, 1.24198e-06, 0.0110802, 5.12417e-05], 
              [0.00159123, 0.987526, 0.00482022, 0.00606221], 
              [0.00958919, 0.956675, 0.0322431, 0.00149123], 
              [0.000200241, 0.0248901, 0.0176372, 0.957272], 
              [0.0219101, 0.0088442, 0.962836, 0.00641021], 
              [0.0984658, 0.474985, 0.257241, 0.169308], 
              [0.211536, 0.30389, 0.327935, 0.15664], 
              [0.173382, 0.345521, 0.289533, 0.191564]
            ]
          }, {
            "db": 0,
            "id": "MA0104.1",
            "alt": "Mycn",
            "len": 6,
            "nsites": 31,
            "url": "http://jaspar.genereg.net/matrix/MA0104.1",
            "pwm": [
              [0.000803859, 0.997588, 0.000803859, 0.000803859], 
              [0.93328, 0.000803859, 0.000803859, 0.0651124], 
              [0.000803859, 0.965434, 0.000803859, 0.0329581], 
              [0.0651124, 0.0329581, 0.901126, 0.000803859], 
              [0.000803859, 0.0972667, 0.000803859, 0.901126], 
              [0.000803859, 0.000803859, 0.997588, 0.000803859]
            ]
          }, {
            "db": 0,
            "id": "MA0104.2",
            "alt": "Mycn",
            "len": 10,
            "nsites": 438,
            "url": "http://jaspar.genereg.net/matrix/MA0104.2",
            "pwm": [
              [0.349292, 0.362988, 0.14386, 0.14386], 
              [0.0890777, 0.388096, 0.447444, 0.0753819], 
              [0.0160354, 0.98385, 5.70646e-05, 5.70646e-05], 
              [0.945046, 5.70646e-05, 0.0411437, 0.0137529], 
              [5.70646e-05, 0.961025, 0.0183179, 0.0206004], 
              [0.0708169, 0.00233954, 0.924504, 0.00233954], 
              [0.0548396, 0.221468, 0.00462202, 0.719071], 
              [5.70646e-05, 5.70646e-05, 0.938199, 0.061687], 
              [0.061687, 0.111904, 0.739614, 0.0867953], 
              [0.139294, 0.604942, 0.0913602, 0.164404]
            ]
          }, {
            "db": 0,
            "id": "MA0104.3",
            "alt": "Mycn",
            "len": 8,
            "nsites": 1403,
            "url": "http://jaspar.genereg.net/matrix/MA0104.3",
            "pwm": [
              [0.376327, 0.104073, 0.40341, 0.11619], 
              [1.78177e-05, 0.808941, 0.191023, 1.78177e-05], 
              [1.78177e-05, 0.999947, 1.78177e-05, 1.78177e-05], 
              [0.999947, 1.78177e-05, 1.78177e-05, 1.78177e-05], 
              [1.78177e-05, 0.999947, 1.78177e-05, 1.78177e-05], 
              [0.119752, 1.78177e-05, 0.880212, 1.78177e-05], 
              [1.78177e-05, 1.78177e-05, 1.78177e-05, 0.999947], 
              [1.78177e-05, 1.78177e-05, 0.999947, 1.78177e-05]
            ]
          }, {
            "db": 0,
            "id": "MA0104.4",
            "alt": "MYCN",
            "len": 12,
            "nsites": 6984,
            "url": "http://jaspar.genereg.net/matrix/MA0104.4",
            "pwm": [
              [0.213059, 0.271191, 0.351374, 0.164377], 
              [0.248282, 0.221936, 0.372134, 0.157647], 
              [0.0687316, 0.764741, 0.106388, 0.0601397], 
              [0.00487151, 0.992114, 0.00200855, 0.00100557], 
              [0.911933, 0.00802146, 0.040811, 0.039236], 
              [0.00315353, 0.933123, 0.0174713, 0.0462519], 
              [0.0462519, 0.0174713, 0.933123, 0.00315353], 
              [0.039236, 0.040811, 0.00802146, 0.911933], 
              [0.00100557, 0.00200855, 0.992114, 0.00487151], 
              [0.0601397, 0.106388, 0.764741, 0.0687316], 
              [0.157647, 0.372134, 0.221936, 0.248282], 
              [0.164377, 0.351374, 0.271191, 0.213059]
            ]
          }, {
            "db": 0,
            "id": "MA0108.1",
            "alt": "TBP",
            "len": 15,
            "nsites": 389,
            "url": "http://jaspar.genereg.net/matrix/MA0108.1",
            "pwm": [
              [0.156836, 0.372719, 0.39071, 0.0797358], 
              [0.0411847, 0.118286, 0.0463244, 0.794204], 
              [0.904716, 6.42508e-05, 0.00520393, 0.0900151], 
              [0.00777427, 0.0257646, 0.00520393, 0.961257], 
              [0.909856, 6.42508e-05, 0.0129139, 0.0771654], 
              [0.688833, 6.42508e-05, 6.42508e-05, 0.311038], 
              [0.949688, 0.00797822, 0.0264425, 0.0158912], 
              [0.570612, 0.00520393, 0.113146, 0.311038], 
              [0.39842, 0.113146, 0.40356, 0.0848754], 
              [0.143986, 0.347019, 0.385569, 0.123426], 
              [0.213377, 0.377859, 0.329029, 0.0797358], 
              [0.210807, 0.326458, 0.329029, 0.133706], 
              [0.210807, 0.303328, 0.329029, 0.156836], 
              [0.174826, 0.275058, 0.357298, 0.192817], 
              [0.197956, 0.259638, 0.359869, 0.182536]
            ]
          }, {
            "db": 0,
            "id": "MA0108.2",
            "alt": "TBP",
            "len": 15,
            "nsites": 389,
            "url": "http://jaspar.genereg.net/matrix/MA0108.2",
            "pwm": [
              [0.156836, 0.372719, 0.39071, 0.0797358], 
              [0.0411847, 0.118286, 0.0463244, 0.794204], 
              [0.904716, 6.42508e-05, 0.00520393, 0.0900151], 
              [0.00777427, 0.0257646, 0.00520393, 0.961257], 
              [0.909856, 6.42508e-05, 0.0129139, 0.0771654], 
              [0.688833, 6.42508e-05, 6.42508e-05, 0.311038], 
              [0.925276, 0.00777427, 0.051465, 0.0154843], 
              [0.570612, 0.00520393, 0.113146, 0.311038], 
              [0.39842, 0.113146, 0.40356, 0.0848754], 
              [0.143986, 0.347019, 0.385569, 0.123426], 
              [0.213377, 0.377859, 0.329029, 0.0797358], 
              [0.210807, 0.326458, 0.329029, 0.133706], 
              [0.210807, 0.303328, 0.329029, 0.156836], 
              [0.174826, 0.275058, 0.357298, 0.192817], 
              [0.197956, 0.259638, 0.359869, 0.182536]
            ]
          }, {
            "db": 0,
            "id": "MA0112.2",
            "alt": "ESR1",
            "len": 20,
            "nsites": 467,
            "url": "http://jaspar.genereg.net/matrix/MA0112.2",
            "pwm": [
              [0.26124, 0.256958, 0.329747, 0.152055], 
              [0.228637, 0.170957, 0.350405, 0.25], 
              [0.136776, 0.369632, 0.318361, 0.17523], 
              [0.176612, 0.487183, 0.138322, 0.197883], 
              [0.285098, 0.493565, 0.100032, 0.121305], 
              [0.651077, 0.0592378, 0.188174, 0.101512], 
              [0.0759863, 0.0169279, 0.816335, 0.0907511], 
              [0.040045, 0.0379404, 0.884075, 0.0379404], 
              [0.0695126, 0.086351, 0.191592, 0.652546], 
              [0.00847272, 0.82935, 0.111609, 0.0505687], 
              [0.837769, 0.0274157, 0.0568834, 0.0779318], 
              [0.122132, 0.526257, 0.225268, 0.126342], 
              [0.132657, 0.580982, 0.111609, 0.174753], 
              [0.134762, 0.543095, 0.204221, 0.117923], 
              [0.0674071, 0.040045, 0.0168919, 0.875655], 
              [0.0442551, 0.0463596, 0.896704, 0.0126828], 
              [0.642021, 0.223164, 0.0653025, 0.0695126], 
              [0.021102, 0.917752, 0.0253111, 0.0358349], 
              [0.124238, 0.743052, 0.00426362, 0.128447], 
              [0.0547788, 0.347347, 0.0463596, 0.551514]
            ]
          }, {
            "db": 0,
            "id": "MA0122.3",
            "alt": "Nkx3-2",
            "len": 13,
            "nsites": 10220,
            "url": "http://jaspar.genereg.net/matrix/MA0122.3",
            "pwm": [
              [0.380332, 0.144228, 0.169864, 0.305576], 
              [0.334735, 0.157927, 0.168983, 0.338355], 
              [0.559097, 0.0931525, 0.143445, 0.204305], 
              [0.547747, 0.108514, 0.112917, 0.230822], 
              [0.254795, 0.496965, 0.147163, 0.101077], 
              [0.00773237, 0.968682, 0.00225242, 0.0213332], 
              [0.969367, 0.00802537, 0.00186143, 0.0207462], 
              [0.0147773, 0.975042, 0.000980437, 0.00920036], 
              [0.0048944, 0.00313342, 0.00284042, 0.989132], 
              [0.00929736, 0.0135053, 0.00665638, 0.970541], 
              [0.947155, 0.0143863, 0.00665638, 0.0318021], 
              [0.549899, 0.0969685, 0.133856, 0.219276], 
              [0.332386, 0.203816, 0.181019, 0.282779]
            ]
          }, {
            "db": 0,
            "id": "MA0140.1",
            "alt": "Tal1::Gata1",
            "len": 18,
            "nsites": 2942,
            "url": "http://jaspar.genereg.net/matrix/MA0140.1",
            "pwm": [
              [0.135966, 0.451727, 0.210062, 0.202245], 
              [0.0887205, 0.150921, 0.176753, 0.583606], 
              [0.044504, 0.0618274, 0.6525, 0.241168], 
              [0.0899884, 0.253311, 0.416972, 0.239728], 
              [0.227166, 0.215621, 0.263158, 0.294057], 
              [0.238031, 0.233278, 0.306619, 0.222072], 
              [0.225391, 0.252885, 0.318396, 0.203329], 
              [0.241941, 0.23719, 0.302339, 0.218528], 
              [0.248898, 0.224484, 0.292301, 0.234318], 
              [0.338083, 0.138157, 0.319075, 0.204686], 
              [0.178949, 0.397958, 0.30594, 0.117153], 
              [0.66473, 0.0105271, 0.0125631, 0.31218], 
              [0.00102646, 0.00238442, 0.996581, 8.49733e-06], 
              [0.993528, 0.00238342, 0.000687474, 0.00340138], 
              [0.00544131, 0.0088372, 0.0101952, 0.975527], 
              [0.941193, 0.00204743, 0.00782323, 0.0489368], 
              [0.809359, 0.0173369, 0.127765, 0.0455389], 
              [0.186056, 0.187077, 0.544548, 0.0823187]
            ]
          }, {
            "db": 0,
            "id": "MA0140.2",
            "alt": "GATA1::TAL1",
            "len": 18,
            "nsites": 4955,
            "url": "http://jaspar.genereg.net/matrix/MA0140.2",
            "pwm": [
              [0.224824, 0.411299, 0.195157, 0.16872], 
              [0.0415782, 0.162868, 0.0320934, 0.763461], 
              [0.0641818, 5.04531e-06, 5.04531e-06, 0.935808], 
              [0.999985, 5.04531e-06, 5.04531e-06, 5.04531e-06], 
              [5.04531e-06, 5.04531e-06, 5.04531e-06, 0.999985], 
              [5.04531e-06, 0.999985, 5.04531e-06, 5.04531e-06], 
              [0.413519, 0.0127188, 0.0111048, 0.562658], 
              [0.132797, 0.268618, 0.446817, 0.151768], 
              [0.19435, 0.245005, 0.25106, 0.309585], 
              [0.240363, 0.227447, 0.30676, 0.225429], 
              [0.358827, 0.228052, 0.199799, 0.213321], 
              [0.209486, 0.249647, 0.345508, 0.195359], 
              [0.272856, 0.230474, 0.295862, 0.200808], 
              [0.380421, 0.208477, 0.165491, 0.24561], 
              [0.278707, 0.249647, 0.380219, 0.0914262], 
              [0.0222046, 0.973143, 0.00464695, 5.04531e-06], 
              [0.940248, 5.04531e-06, 5.04531e-06, 0.0597418], 
              [0.0322954, 0.179618, 0.715228, 0.0728596]
            ]
          }, {
            "db": 0,
            "id": "MA0147.1",
            "alt": "Myc",
            "len": 10,
            "nsites": 227,
            "url": "http://jaspar.genereg.net/matrix/MA0147.1",
            "pwm": [
              [0.295134, 0.422831, 0.15863, 0.123404], 
              [0.149824, 0.233487, 0.572545, 0.0441437], 
              [0.0353366, 0.964443, 0.000110084, 0.000110084], 
