Query_ID	Target_ID	Optimal_offset	p-value	E-value	q-value	Overlap	Query_consensus	Target_consensus	Orientation
0226_2508_0.6605_-0.2028	MA0068.1	-27	2.95129e-10	2.98375e-07	5.9675e-07	30	CCCCTCGGCACCCCGCCCCCCCCCCCCCCCCCCCCCCCCCCCCTCCCCCCCCCCCCCCCCCCCCCCCCCCCGTCCCCCCCCCCCCCCCCCCCCCCCTCCTTCCTTCCCTTCCTTCCTTTCCTTCCTTCTTCCTCCTTTCCTTTCTTTCTCCCTCCCCCTCTTC	GAAAAATTTCCCATACTCCACTCCCCCCCC	+
0226_2508_0.6605_-0.2028	MA0528.1	-106	3.33467e-07	0.000337135	0.000337135	21	CCCCTCGGCACCCCGCCCCCCCCCCCCCCCCCCCCCCCCCCCCTCCCCCCCCCCCCCCCCCCCCCCCCCCCGTCCCCCCCCCCCCCCCCCCCCCCCTCCTTCCTTCCCTTCCTTCCTTTCCTTCCTTCTTCCTCCTTTCCTTTCTTTCTCCCTCCCCCTCTTC	TCCTCCTCCCCCTCCTCCTCC	-

# Tomtom (Motif Comparison Tool): Version 5.1.0 compiled on Oct  9 2020 at 08:11:46
# The format of this file is described at http://meme-suite.org//doc/tomtom-output-format.html.
# tomtom -no-ssc -thresh 0.01 -o result/x00226/x00226.out result/x00226/x00226.meme ../../../JASPAR2020.txt
