<!DOCTYPE HTML>
<html>
  <head>
    <meta charset="UTF-8">
    <title>TOMTOM</title>
    <script>
      // @JSON_VAR data
      var data = {
        "program": "Tomtom",
        "version": "5.1.0",
        "release": "Fri Oct 11 15:53:28 2019 -0700",
        "cmd": [
          "tomtom", "-no-ssc", "-o", "result/xaaim/xaaim.out",
          "result/xaaim/xaaim.meme", "../../../JASPAR2020.txt"
        ],
        "options": {
          "strands": "both",
          "distance_measure": "ed",
          "threshold_type": "qvalue",
          "threshold_value": 0.5,
          "background_source": "--query--"
        },
        "alphabet": {
          "name": "DNA",
          "like": "dna",
          "ncore": 4,
          "symbols": [
            {
              "symbol": "A",
              "name": "Adenine",
              "colour": "CC0000",
              "complement": "T"
            }, {
              "symbol": "C",
              "name": "Cytosine",
              "colour": "0000CC",
              "complement": "G"
            }, {
              "symbol": "G",
              "name": "Guanine",
              "colour": "FFB300",
              "complement": "C"
            }, {
              "symbol": "T",
              "aliases": "U",
              "name": "Thymine",
              "colour": "008000",
              "complement": "A"
            }, {
              "symbol": "N",
              "aliases": "X.",
              "name": "Any base",
              "equals": "ACGT"
            }, {
              "symbol": "V",
              "name": "Not T",
              "equals": "ACG"
            }, {
              "symbol": "H",
              "name": "Not G",
              "equals": "ACT"
            }, {
              "symbol": "D",
              "name": "Not C",
              "equals": "AGT"
            }, {
              "symbol": "B",
              "name": "Not A",
              "equals": "CGT"
            }, {
              "symbol": "M",
              "name": "Amino",
              "equals": "AC"
            }, {
              "symbol": "R",
              "name": "Purine",
              "equals": "AG"
            }, {
              "symbol": "W",
              "name": "Weak",
              "equals": "AT"
            }, {
              "symbol": "S",
              "name": "Strong",
              "equals": "CG"
            }, {
              "symbol": "Y",
              "name": "Pyrimidine",
              "equals": "CT"
            }, {
              "symbol": "K",
              "name": "Keto",
              "equals": "GT"
            }
          ]
        },
        "background": [0.25, 0.25, 0.25, 0.25],
        "query_dbs": [
          {
            "source": "result/xaaim/xaaim.meme",
            "name": "xaaim",
            "loaded": 1,
            "excluded": 0,
            "last_modified": "Wed Sep 30 19:07:16 2020"
          }
        ],
        "target_dbs": [
          {
            "source": "../../../JASPAR2020.txt",
            "name": "JASPAR2020.txt",
            "loaded": 1011,
            "excluded": 0,
            "last_modified": "Wed Sep 23 18:44:45 2020"
          }
        ],
        "queries": [
          {
            "db": 0,
            "id": "0220_4282_0.1708_0.1211",
            "len": 132,
            "nsites": 998,
            "pwm": [
              [0.0741656, 0.173355, 0.668295, 0.0841846], 
              [0.070158, 0.705365, 0.158326, 0.0661504], 
              [0.0731637, 0.102219, 0.742436, 0.0821808], 
              [0.146449, 0.111348, 0.691029, 0.0511729], 
              [0.0731637, 0.0621428, 0.0861884, 0.778504], 
              [0.0180592, 0.0831827, 0.840622, 0.0581352], 
              [0.0220448, 0.0460664, 0.917851, 0.0140376], 
              [0.0170573, 0.904744, 0.070158, 0.00804024], 
              [0.0230687, 0.931796, 0.0390991, 0.00603645], 
              [0.869677, 0.0821808, 0.0451105, 0.00303075], 
              [0.0290801, 0.921777, 0.0461124, 0.00303075], 
              [0.0230687, 0.939811, 0.0330877, 0.00403265], 
              [0.885708, 0.0681542, 0.0451105, 0.00102695], 
              [0.0411029, 0.0320858, 0.925784, 0.00102695], 
              [0.0120478, 0.0240706, 0.961853, 0.00202885], 
              [0.00403265, 0.0250725, 0.97087, 2.50476e-05], 
              [0.0130497, 0.020063, 0.96586, 0.00102695], 
              [0.00303075, 0.0390991, 0.956843, 0.00102695], 
              [0.00603645, 0.92879, 0.060139, 0.00503455], 
              [0.00903314, 0.957887, 0.0320538, 0.00102595], 
              [0.00903314, 0.967896, 0.0210439, 0.00202685], 
              [0.00703135, 0.954884, 0.0220448, 0.0160394], 
              [0.0150535, 0.963856, 0.0120478, 0.00904214], 
              [0.0190611, 0.953837, 0.0260744, 0.00102695], 
              [0.913761, 0.0431067, 0.0290801, 0.0140516], 
              [0.0350915, 0.0190611, 0.942817, 0.00303075], 
              [0.00603645, 0.0170573, 0.974877, 0.00202885], 
              [0.0190801, 0.0140656, 0.96382, 0.00303375], 
              [0.882585, 0.0281062, 0.0882812, 0.00102795], 
              [0.0330877, 0.932798, 0.0320858, 0.00202885], 
              [0.940753, 0.0140656, 0.0180772, 0.0271033], 
              [0.040141, 0.00604244, 0.0130627, 0.940753], 
              [0.734686, 0.020043, 0.0190421, 0.226228], 
              [0.0170573, 0.953837, 0.0150535, 0.0140516], 
              [0.00403265, 0.969868, 0.00403265, 0.0220668], 
              [0.0340896, 0.0110459, 0.00703834, 0.947826], 
              [0.0210439, 0.00502955, 0.0350565, 0.93887], 
              [0.935738, 0.00203085, 0.0531787, 0.00905114], 
              [0.00905114, 0.00102795, 0.989896, 2.50476e-05], 
              [0.00102695, 0.00102695, 0.997921, 2.50476e-05], 
              [0.0180412, 2.50476e-05, 0.979907, 0.00202685], 
              [0.97087, 2.50476e-05, 0.0130497, 0.0160554], 
              [0.010044, 2.50476e-05, 0.0150535, 0.974877], 
              [0.0150685, 2.50476e-05, 0.975855, 0.00905114], 
              [0.975879, 0.0140516, 0.00904214, 0.00102695], 
              [0.00904214, 0.975879, 0.00102695, 0.0140516], 
              [2.50476e-05, 0.0230917, 2.50476e-05, 0.976858], 
              [0.0150535, 0.975879, 2.50476e-05, 0.00904214], 
              [0.976858, 0.00804824, 0.00102795, 0.0140656], 
              [0.00904214, 0.00102695, 0.0170573, 0.972874], 
              [0.00703834, 2.50476e-05, 0.982893, 0.010044], 
              [2.50476e-05, 2.50476e-05, 0.996919, 0.00303075], 
              [0.00303075, 0.00303075, 0.993913, 2.50476e-05], 
              [0.231465, 2.50476e-05, 0.765479, 0.00303075], 
              [0.987914, 0.00102595, 0.00603045, 0.00502955], 
              [0.977905, 2.50476e-05, 0.0160394, 0.00603045], 
              [0.0170573, 0.00102695, 0.981891, 2.50476e-05], 
              [0.0210649, 0.00102695, 0.977883, 2.50476e-05], 
              [0.978885, 0.00503455, 0.0150535, 0.00102695], 
              [0.982876, 2.50476e-05, 0.00604244, 0.0110569], 
              [0.0150685, 2.50476e-05, 0.0130627, 0.971844], 
              [0.00703834, 0.00703834, 0.974877, 0.0110459], 
              [0.00202885, 0.683324, 0.264528, 0.05012], 
              [0.0180772, 0.00303375, 0.976858, 0.00203085], 
              [0.00102695, 0.224452, 0.772493, 0.00202885], 
              [0.00102695, 0.979887, 0.0190611, 2.50476e-05], 
              [0.00102695, 0.978885, 0.020063, 2.50476e-05], 
              [0.00402865, 0.957887, 0.00603045, 0.0320538], 
              [0.00402865, 0.780728, 0.00402865, 0.211215], 
              [0.0370953, 0.214433, 0.010044, 0.738428], 
              [0.0110569, 0.725128, 0.247743, 0.0160714], 
              [0.00202885, 0.0110459, 0.954839, 0.0320858], 
              [0.0150535, 0.020063, 0.943818, 0.0210649], 
              [0.0210649, 0.0120478, 0.962855, 0.00403265], 
              [0.0150385, 0.741693, 0.236237, 0.00703135], 
              [0.0150535, 0.22345, 0.757464, 0.00403265], 
              [0.547518, 0.378365, 0.0680862, 0.00603045], 
              [0.0190801, 0.0140656, 0.864532, 0.102322], 
              [0.060139, 0.895727, 0.0130497, 0.0310839], 
              [0.00603645, 0.947826, 0.0380972, 0.00804024], 
              [0.0120478, 0.919773, 0.00703834, 0.0611409], 
              [0.750451, 0.123259, 0.0531257, 0.0731637], 
              [0.0340896, 0.53404, 0.00703834, 0.424832], 
              [0.040101, 0.020063, 0.935803, 0.00403265], 
              [0.154164, 0.3063, 0.0170403, 0.522496], 
              [0.00403265, 0.714382, 0.274547, 0.00703834], 
              [0.0240706, 0.00904214, 0.00303075, 0.963856], 
              [0.656272, 0.333659, 0.00403265, 0.00603645], 
              [0.00904214, 0.00303075, 0.672303, 0.315624], 
              [0.972901, 0.020043, 0.00502955, 0.00202685], 
              [0.00202885, 0.00102695, 0.99191, 0.00503455], 
              [0.312619, 0.00804024, 0.679316, 2.50476e-05], 
              [2.50476e-05, 2.50476e-05, 0.995917, 0.00403265], 
              [0.010034, 0.679637, 0.308302, 0.00202685], 
              [2.50476e-05, 2.50476e-05, 0.997921, 0.00202885], 
              [0.0471143, 0.947826, 0.00503455, 2.50476e-05], 
              [2.50476e-05, 0.0340896, 0.327647, 0.638238], 
              [0.00804024, 0.9869, 0.00403265, 0.00102695], 
              [0.00603645, 0.0110459, 0.637236, 0.345681], 
              [0.666291, 0.325643, 0.00503455, 0.00303075], 
              [0.0570763, 0.00603045, 0.344335, 0.592559], 
              [0.972847, 0.0130627, 0.0110569, 0.00303375], 
              [0.0130367, 0.00302775, 0.665624, 0.318311], 
              [0.259518, 0.666291, 0.0721618, 0.00202885], 
              [0.0780952, 0.00302775, 0.911846, 0.00703135], 
              [0.010044, 0.977883, 0.00503455, 0.00703834], 
              [0.00603645, 0.00503455, 0.325643, 0.663286], 
              [0.653267, 0.327647, 0.00303075, 0.0160554], 
              [0.00403665, 0.613806, 0.0120598, 0.370098], 
              [0.317628, 0.670299, 0.00603645, 0.00603645], 
              [0.00403265, 0.225453, 0.662284, 0.10823], 
              [0.0110349, 0.978906, 0.00502955, 0.00502955], 
              [0.0170573, 0.0110459, 0.328649, 0.643248], 
              [0.63924, 0.350691, 0.00503455, 0.00503455], 
              [0.00904214, 0.0441086, 0.625213, 0.321636], 
              [0.307918, 0.678994, 0.00704534, 0.00604244], 
              [0.00403265, 0.0481162, 0.929792, 0.0180592], 
              [0.0120598, 0.332991, 0.64991, 0.00503955], 
              [0.0150385, 0.399384, 0.331323, 0.254254], 
              [0.0310839, 0.601167, 0.326645, 0.0411029], 
              [0.277552, 0.21844, 0.379747, 0.124261], 
              [0.274547, 0.651263, 0.0280782, 0.0461124], 
              [0.260781, 0.0471613, 0.117365, 0.574691], 
              [0.765479, 0.0751675, 0.128269, 0.0310839], 
              [0.171351, 0.0310839, 0.0481162, 0.749449], 
              [0.722398, 0.183374, 0.0411029, 0.0531257], 
              [0.220665, 0.0531787, 0.109342, 0.616814], 
              [0.309613, 0.214433, 0.0841846, 0.39177], 
              [0.231465, 0.136284, 0.154319, 0.477933], 
              [0.080177, 0.420825, 0.232467, 0.266531], 
              [0.526024, 0.15532, 0.112238, 0.206417], 
              [0.172353, 0.560089, 0.198402, 0.0691561]
            ]
          }
        ],
        "targets": [
          {
            "db": 0,
            "id": "MA0056.1",
            "alt": "MZF1",
            "len": 6,
            "nsites": 20,
            "url": "http://jaspar.genereg.net/matrix/MA0056.1",
            "pwm": [
              [0.150498, 0.25, 0.200249, 0.399254], 
              [0.00124378, 0.00124378, 0.946517, 0.050995], 
              [0.100746, 0.00124378, 0.896766, 0.00124378], 
              [0.00124378, 0.00124378, 0.946517, 0.050995], 
              [0.00124378, 0.00124378, 0.996269, 0.00124378], 
              [0.896766, 0.00124378, 0.100746, 0.00124378]
            ]
          }, {
            "db": 0,
            "id": "MA0088.2",
            "alt": "ZNF143",
            "len": 16,
            "nsites": 2034,
            "url": "http://jaspar.genereg.net/matrix/MA0088.2",
            "pwm": [
              [0.0427832, 0.250246, 0.0752296, 0.631741], 
              [0.587963, 1.22904e-05, 0.00806689, 0.403957], 
              [0.0130307, 0.985705, 0.00063226, 0.00063226], 
              [0.00125323, 0.998722, 1.22904e-05, 1.22904e-05], 
              [1.22904e-05, 0.999963, 1.22904e-05, 1.22904e-05], 
              [0.995631, 1.22904e-05, 0.00248717, 0.0018682], 
              [1.22904e-05, 0.551067, 0.0366695, 0.412252], 
              [0.740823, 0.0818163, 0.17735, 1.22904e-05], 
              [0.958502, 1.22904e-05, 0.0408643, 0.00062226], 
              [0.00372511, 1.22904e-05, 0.00063126, 0.995631], 
              [0.0356175, 0.0217372, 0.937202, 0.00544402], 
              [1.22904e-05, 0.999963, 1.22904e-05, 1.22904e-05], 
              [0.891427, 0.0907548, 0.0017912, 0.0160255], 
              [0.137621, 0.425599, 0.005995, 0.430785], 
              [0.0416092, 0.4641, 0.00531403, 0.488977], 
              [0.187166, 0.0103008, 0.743729, 0.0588044]
            ]
          }, {
            "db": 0,
            "id": "MA0089.1",
            "alt": "MAFG::NFE2L1",
            "len": 6,
            "nsites": 34,
            "url": "http://jaspar.genereg.net/matrix/MA0089.1",
            "pwm": [
              [0.206011, 0.323313, 0.293989, 0.176687], 
              [0.851173, 0.0593846, 0.0887094, 0.000733138], 
              [0.000733138, 0.000733138, 0.000733138, 0.997801], 
              [0.0300589, 0.000733138, 0.939149, 0.0300589], 
              [0.997801, 0.000733138, 0.000733138, 0.000733138], 
              [0.000733138, 0.763197, 0.0593846, 0.176687]
            ]
          }, {
            "db": 0,
            "id": "MA0089.2",
            "alt": "NFE2L1",
            "len": 16,
            "nsites": 3356,
            "url": "http://jaspar.genereg.net/matrix/MA0089.2",
            "pwm": [
              [0.370675, 0.209477, 0.199941, 0.219906], 
              [0.261621, 0.281882, 0.31287, 0.143626], 
              [0.295589, 0.254172, 0.221098, 0.229143], 
              [0.769353, 0.0169919, 0.21037, 0.00328535], 
              [0.00358334, 0.0014974, 0.000603431, 0.994316], 
              [0.0050733, 0.00209339, 0.985675, 0.00715824], 
              [0.994019, 0.00119941, 0.00298736, 0.0017954], 
              [0.015204, 0.853379, 0.106679, 0.0247387], 
              [0.0649635, 0.00358334, 0.0104361, 0.921017], 
              [0.0551308, 0.908502, 0.00745623, 0.0289096], 
              [0.944854, 0.00268937, 0.0232488, 0.0292076], 
              [0.0169919, 0.00537129, 0.899266, 0.0783721], 
              [0.00477531, 0.97763, 0.00984016, 0.00775422], 
              [0.851293, 0.0190769, 0.0423182, 0.0873108], 
              [0.405835, 0.154055, 0.206795, 0.233313], 
              [0.341177, 0.0667515, 0.0908867, 0.501185]
            ]
          }, {
            "db": 0,
            "id": "MA0090.1",
            "alt": "TEAD1",
            "len": 12,
            "nsites": 12,
            "url": "http://jaspar.genereg.net/matrix/MA0090.1",
            "pwm": [
              [0.0847104, 0.497934, 0.0847104, 0.332644], 
              [0.745868, 0.00206612, 0.25, 0.00206612], 
              [0.00206612, 0.993802, 0.00206612, 0.00206612], 
              [0.993802, 0.00206612, 0.00206612, 0.00206612], 
              [0.00206612, 0.00206612, 0.00206612, 0.993802], 
              [0.00206612, 0.00206612, 0.00206612, 0.993802], 
              [0.00206612, 0.993802, 0.00206612, 0.00206612], 
              [0.00206612, 0.911157, 0.00206612, 0.0847104], 
              [0.41529, 0.00206612, 0.00206612, 0.580578], 
              [0.0847104, 0.580578, 0.332644, 0.00206612], 
              [0.167356, 0.332644, 0.25, 0.25], 
              [0.00206612, 0.167356, 0.663223, 0.167356]
            ]
          }, {
            "db": 0,
            "id": "MA0090.2",
            "alt": "TEAD1",
            "len": 10,
            "nsites": 1133,
            "url": "http://jaspar.genereg.net/matrix/MA0090.2",
            "pwm": [
              [0.192415, 0.400693, 0.129755, 0.277138], 
              [0.572069, 0.0779572, 0.310205, 0.0397696], 
              [0.181048, 0.785606, 0.0179535, 0.0153917], 
              [0.922516, 0.0513625, 2.20634e-05, 0.0260998], 
              [2.20634e-05, 0.00874729, 0.00351176, 0.987719], 
              [0.22747, 0.0283456, 2.20634e-05, 0.744162], 
              [0.0244509, 0.953603, 0.00170691, 0.0202393], 
              [2.20634e-05, 0.794896, 0.000724001, 0.204358], 
              [0.429148, 0.0753434, 0.142373, 0.353135], 
              [0.247569, 0.305919, 0.122027, 0.324485]
            ]
          }, {
            "db": 0,
            "id": "MA0099.1",
            "alt": "JUN::FOS",
            "len": 8,
            "nsites": 19,
            "url": "http://jaspar.genereg.net/matrix/MA0099.1",
            "pwm": [
              [0.263089, 0.106021, 0.629581, 0.0013089], 
              [0.0013089, 0.0013089, 0.0013089, 0.996073], 
              [0.0013089, 0.0536653, 0.943717, 0.0013089], 
              [0.943717, 0.0536653, 0.0013089, 0.0013089], 
              [0.0536653, 0.315445, 0.472513, 0.158377], 
              [0.0536653, 0.0536653, 0.0013089, 0.891361], 
              [0.315445, 0.681938, 0.0013089, 0.0013089], 
              [0.943717, 0.0013089, 0.0013089, 0.0536653]
            ]
          }, {
            "db": 0,
            "id": "MA0099.2",
            "alt": "FOS::JUN",
            "len": 7,
            "nsites": 18,
            "url": "http://jaspar.genereg.net/matrix/MA0099.2",
            "pwm": [
              [0.00138122, 0.0566303, 0.00138122, 0.940607], 
              [0.00138122, 0.00138122, 0.83011, 0.167127], 
              [0.885359, 0.111878, 0.00138122, 0.00138122], 
              [0.277625, 0.664365, 0.0566303, 0.00138122], 
              [0.167127, 0.00138122, 0.0566303, 0.774862], 
              [0.00138122, 0.83011, 0.167127, 0.00138122], 
              [0.885359, 0.00138122, 0.0566303, 0.0566303]
            ]
          }, {
            "db": 0,
            "id": "MA0099.3",
            "alt": "FOS::JUN",
            "len": 10,
            "nsites": 1000,
            "url": "http://jaspar.genereg.net/matrix/MA0099.3",
            "pwm": [
              [0.591966, 0.111014, 0.256999, 0.040021], 
              [0.0030247, 0.0050245, 0.0020248, 0.989926], 
              [0.0070243, 0.0010249, 0.823943, 0.168008], 
              [0.819943, 0.131012, 0.0040246, 0.0450205], 
              [0.0780172, 0.180007, 0.687956, 0.0540196], 
              [0.0050245, 0.0020248, 0.0020248, 0.990926], 
              [0.030022, 0.962929, 0.0030247, 0.0040246], 
              [0.991926, 0.0020248, 0.0020248, 0.0040246], 
              [0.0240226, 0.312994, 0.0950155, 0.567968], 
              [0.276997, 0.396985, 0.164009, 0.162009]
            ]
          }, {
            "db": 0,
            "id": "MA0105.1",
            "alt": "NFKB1",
            "len": 10,
            "nsites": 38,
            "url": "http://jaspar.genereg.net/matrix/MA0105.1",
            "pwm": [
              [0.000656168, 0.000656168, 0.998031, 0.000656168], 
              [0.000656168, 0.000656168, 0.998031, 0.000656168], 
              [0.0269031, 0.000656168, 0.971785, 0.000656168], 
              [0.656824, 0.000656168, 0.341863, 0.000656168], 
              [0.499344, 0.341863, 0.0269031, 0.13189], 
              [0.184384, 0.0269031, 0.079396, 0.709317], 
              [0.0269031, 0.05315, 0.05315, 0.866798], 
              [0.05315, 0.44685, 0.000656168, 0.499344], 
              [0.05315, 0.919292, 0.000656168, 0.0269031], 
              [0.000656168, 0.945538, 0.000656168, 0.05315]
            ]
          }, {
            "db": 0,
            "id": "MA0105.2",
            "alt": "NFKB1",
            "len": 11,
            "nsites": 18,
            "url": "http://jaspar.genereg.net/matrix/MA0105.2",
            "pwm": [
              [0.00138122, 0.00138122, 0.995856, 0.00138122], 
              [0.00138122, 0.00138122, 0.995856, 0.00138122], 
              [0.00138122, 0.00138122, 0.995856, 0.00138122], 
              [0.111878, 0.00138122, 0.885359, 0.00138122], 
              [0.609116, 0.0566303, 0.332873, 0.00138122], 
              [0.277625, 0.00138122, 0.111878, 0.609116], 
              [0.00138122, 0.277625, 0.111878, 0.609116], 
              [0.00138122, 0.719613, 0.00138122, 0.277625], 
              [0.00138122, 0.940607, 0.00138122, 0.0566303], 
              [0.00138122, 0.995856, 0.00138122, 0.00138122], 
              [0.0566303, 0.83011, 0.0566303, 0.0566303]
            ]
          }, {
            "db": 0,
            "id": "MA0105.4",
            "alt": "NFKB1",
            "len": 13,
            "nsites": 12262,
            "url": "http://jaspar.genereg.net/matrix/MA0105.4",
            "pwm": [
              [0.688383, 0.164167, 0.0807384, 0.0667115], 
              [0.000474035, 2.0388e-06, 0.99926, 0.000264037], 
              [2.0388e-06, 0.000158038, 0.999733, 0.000106038], 
              [0.000207037, 2.0388e-06, 0.983472, 0.0163189], 
              [0.0116159, 0.000154038, 0.986858, 0.00137103], 
              [0.929528, 0.004803, 0.0635755, 0.00209302], 
              [0.507572, 0.00130703, 0.00232102, 0.4888], 
              [0.00139303, 0.0828664, 0.00733398, 0.908408], 
              [0.00175002, 0.984467, 0.000413035, 0.0133699], 
              [0.0495186, 0.950079, 0.000102038, 0.000301036], 
              [0.000419035, 0.999265, 0.000106038, 0.000210037], 
              [0.000623034, 0.998337, 0.000209037, 0.000830032], 
              [0.0806804, 0.0847433, 0.219426, 0.61515]
            ]
          }, {
            "db": 0,
            "id": "MA0116.1",
            "alt": "Znf423",
            "len": 15,
            "nsites": 33,
            "url": "http://jaspar.genereg.net/matrix/MA0116.1",
            "pwm": [
              [0.212235, 0.121601, 0.665408, 0.000755287], 
              [0.000755287, 0.484138, 0.514351, 0.000755287], 
              [0.484138, 0.514351, 0.000755287, 0.000755287], 
              [0.514351, 0.484138, 0.000755287, 0.000755287], 
              [0.000755287, 0.997734, 0.000755287, 0.000755287], 
              [0.000755287, 0.997734, 0.000755287, 0.000755287], 
              [0.0309667, 0.514351, 0.000755287, 0.453927], 
              [0.725831, 0.000755287, 0.000755287, 0.272658], 
              [0.393504, 0.000755287, 0.484138, 0.121601], 
              [0.000755287, 0.000755287, 0.997734, 0.000755287], 
              [0.000755287, 0.000755287, 0.997734, 0.000755287], 
              [0.000755287, 0.000755287, 0.514351, 0.484138], 
              [0.000755287, 0.000755287, 0.484138, 0.514351], 
              [0.000755287, 0.242447, 0.484138, 0.272658], 
              [0.333081, 0.665408, 0.000755287, 0.000755287]
            ]
          }, {
            "db": 0,
            "id": "MA0139.1",
            "alt": "CTCF",
            "len": 19,
            "nsites": 913,
            "url": "http://jaspar.genereg.net/matrix/MA0139.1",
            "pwm": [
              [0.0953069, 0.318721, 0.0832603, 0.50271], 
              [0.18292, 0.158827, 0.453428, 0.204824], 
              [0.307771, 0.0536905, 0.491759, 0.14678], 
              [0.0613567, 0.876163, 0.0230259, 0.0394531], 
              [0.00878842, 0.988966, 2.73793e-05, 0.00221814], 
              [0.814834, 0.0142648, 0.0712136, 0.0996875], 
              [0.0438346, 0.578277, 0.365814, 0.0120741], 
              [0.11734, 0.474756, 0.0526536, 0.355251], 
              [0.933039, 0.0120871, 0.0351115, 0.0197622], 
              [0.00551478, 2.73793e-05, 0.991137, 0.00332002], 
              [0.365519, 0.00332002, 0.621254, 0.0099053], 
              [0.0592969, 0.0131979, 0.553205, 0.3743], 
              [0.0132129, 2.73793e-05, 0.977942, 0.00881742], 
              [0.0615586, 0.00881742, 0.851582, 0.0780408], 
              [0.114426, 0.80632, 0.00552778, 0.0737263], 
              [0.409224, 0.0143268, 0.557722, 0.0187273], 
              [0.0903255, 0.530806, 0.338096, 0.0407719], 
              [0.128868, 0.354615, 0.0804146, 0.436103], 
              [0.44271, 0.199345, 0.292947, 0.0649983]
            ]
          }, {
            "db": 0,
            "id": "MA0150.2",
            "alt": "Nfe2l2",
            "len": 15,
            "nsites": 726,
            "url": "http://jaspar.genereg.net/matrix/MA0150.2",
            "pwm": [
              [0.228653, 0.465535, 0.150152, 0.15566], 
              [0.5523, 0.107458, 0.219012, 0.12123], 
              [0.162546, 0.32919, 0.37877, 0.129494], 
              [0.27961, 0.340208, 0.209372, 0.17081], 
              [0.672118, 0.0385961, 0.282365, 0.00692048], 
              [3.44305e-05, 3.44305e-05, 3.44305e-05, 0.999897], 
              [3.44305e-05, 3.44305e-05, 0.979239, 0.0206926], 
              [0.999897, 3.44305e-05, 3.44305e-05, 3.44305e-05], 
              [0.0275786, 0.734093, 0.162546, 0.075782], 
              [0.11572, 0.0275786, 0.0220704, 0.83463], 
              [0.0895541, 0.756128, 0.0633867, 0.0909309], 
              [0.794691, 0.00416586, 0.123984, 0.0771588], 
              [0.0138065, 0.0151843, 0.961335, 0.0096751], 
              [0.00554367, 0.962712, 0.0262018, 0.00554367], 
              [0.858043, 0.0358425, 0.0427285, 0.0633867]
            ]
          }, {
            "db": 0,
            "id": "MA0154.1",
            "alt": "EBF1",
            "len": 10,
            "nsites": 25,
            "url": "http://jaspar.genereg.net/matrix/MA0154.1",
            "pwm": [
              [0.439243, 0.359562, 0.0806773, 0.120518], 
              [0.000996016, 0.87749, 0.000996016, 0.120518], 
              [0.0408367, 0.638446, 0.0408367, 0.27988], 
              [0.0806773, 0.797809, 0.000996016, 0.120518], 
              [0.439243, 0.359562, 0.000996016, 0.200199], 
              [0.638446, 0.0408367, 0.200199, 0.120518], 
              [0.000996016, 0.000996016, 0.997012, 0.000996016], 
              [0.0806773, 0.000996016, 0.917331, 0.000996016], 
              [0.000996016, 0.000996016, 0.997012, 0.000996016], 
              [0.837649, 0.000996016, 0.160359, 0.000996016]
            ]
          }, {
            "db": 0,
            "id": "MA0154.2",
            "alt": "EBF1",
            "len": 11,
            "nsites": 33855,
            "url": "http://jaspar.genereg.net/matrix/MA0154.2",
            "pwm": [
              [0.133304, 0.209629, 0.371614, 0.285453], 
              [7.38441e-07, 0.303264, 0.0780685, 0.618667], 
              [7.38441e-07, 0.999998, 7.38441e-07, 7.38441e-07], 
              [0.0261707, 0.67275, 7.38441e-07, 0.301078], 
              [7.38441e-07, 0.997812, 7.38441e-07, 0.00218673], 
              [0.271481, 0.659193, 7.38441e-07, 0.0693255], 
              [0.631102, 7.38441e-07, 7.38441e-07, 0.368897], 
              [0.0320486, 7.38441e-07, 0.96795, 7.38441e-07], 
              [0.248914, 7.38441e-07, 0.747126, 0.00395873], 
              [7.38441e-07, 7.38441e-07, 0.999998, 7.38441e-07], 
              [0.653492, 0.0853945, 0.213115, 0.0479996]
            ]
          }, {
            "db": 0,
            "id": "MA0154.3",
            "alt": "EBF1",
            "len": 14,
            "nsites": 1544,
            "url": "http://jaspar.genereg.net/matrix/MA0154.3",
            "pwm": [
              [0.718882, 0.0744934, 0.107522, 0.0991028], 
              [0.166348, 0.178646, 0.216183, 0.438823], 
              [0.0204229, 0.127973, 1.61907e-05, 0.851588], 
              [1.61907e-05, 0.997368, 0.00195407, 0.000662149], 
              [0.00192807, 0.984018, 0.00256503, 0.0114874], 
              [1.61907e-05, 0.996081, 1.61907e-05, 0.00388694], 
              [0.363747, 0.253074, 0.0407905, 0.342389], 
              [0.503222, 0.049883, 0.134722, 0.312172], 
              [0.0133823, 0.00383494, 0.982766, 1.61907e-05], 
              [0.064509, 0.00483788, 0.930637, 1.61907e-05], 
              [0.00383294, 1.61907e-05, 0.982141, 0.0140103], 
              [0.925061, 0.0102015, 0.0503429, 0.0143953], 
              [0.391183, 0.379526, 0.0939221, 0.13537], 
              [0.161923, 0.235752, 0.0524738, 0.549851]
            ]
          }, {
            "db": 0,
            "id": "MA0154.4",
            "alt": "EBF1",
            "len": 15,
            "nsites": 45425,
            "url": "http://jaspar.genereg.net/matrix/MA0154.4",
            "pwm": [
              [0.311723, 0.195223, 0.239758, 0.253297], 
              [0.251029, 0.210325, 0.296775, 0.241871], 
              [0.0517784, 0.0991963, 0.121013, 0.728012], 
              [0.0290815, 0.763125, 0.0422675, 0.165526], 
              [0.0125045, 0.952249, 0.00816753, 0.0270785], 
              [0.0142655, 0.936971, 0.00975253, 0.0390095], 
              [0.0558944, 0.873417, 0.0189765, 0.0517124], 
              [0.764886, 0.0375785, 0.0379315, 0.159604], 
              [0.0770944, 0.0179205, 0.852569, 0.0524164], 
              [0.0576114, 0.0108975, 0.916917, 0.0145735], 
              [0.0333525, 0.0100175, 0.941968, 0.0146625], 
              [0.194959, 0.0541994, 0.72121, 0.0296315], 
              [0.696444, 0.139901, 0.109125, 0.0545294], 
              [0.247199, 0.292768, 0.216951, 0.243082], 
              [0.262036, 0.238547, 0.201937, 0.297479]
            ]
          }, {
            "db": 0,
            "id": "MA0163.1",
            "alt": "PLAG1",
            "len": 14,
            "nsites": 18,
            "url": "http://jaspar.genereg.net/matrix/MA0163.1",
            "pwm": [
              [0.00138122, 0.00138122, 0.995856, 0.00138122], 
              [0.167127, 0.00138122, 0.774862, 0.0566303], 
              [0.00138122, 0.00138122, 0.995856, 0.00138122], 
              [0.00138122, 0.00138122, 0.940607, 0.0566303], 
              [0.00138122, 0.774862, 0.222375, 0.00138122], 
              [0.00138122, 0.83011, 0.0566303, 0.111878], 
              [0.222375, 0.553868, 0.0566303, 0.167127], 
              [0.664365, 0.00138122, 0.00138122, 0.332873], 
              [0.609116, 0.277625, 0.111878, 0.00138122], 
              [0.111878, 0.00138122, 0.774862, 0.111878], 
              [0.00138122, 0.00138122, 0.995856, 0.00138122], 
              [0.00138122, 0.00138122, 0.995856, 0.00138122], 
              [0.00138122, 0.00138122, 0.885359, 0.111878], 
              [0.111878, 0.00138122, 0.885359, 0.00138122]
            ]
          }, {
            "db": 0,
            "id": "MA0462.1",
            "alt": "BATF::JUN",
            "len": 11,
            "nsites": 10522,
            "url": "http://jaspar.genereg.net/matrix/MA0462.1",
            "pwm": [
              [0.29291, 0.0457159, 0.488118, 0.173257], 
              [0.454474, 0.0525589, 0.274568, 0.2184], 
              [0.429479, 0.0161592, 0.210891, 0.34347], 
              [0.784827, 0.140469, 2.37595e-06, 0.0747027], 
              [2.37595e-06, 2.37595e-06, 2.37595e-06, 0.999993], 
              [2.37595e-06, 2.37595e-06, 0.985927, 0.0140682], 
              [0.999993, 2.37595e-06, 2.37595e-06, 2.37595e-06], 
              [0.0556948, 0.477664, 0.466639, 2.37595e-06], 
              [2.37595e-06, 2.37595e-06, 2.37595e-06, 0.999993], 
              [0.122696, 0.81638, 0.0609218, 2.37595e-06], 
              [0.975473, 2.37595e-06, 2.37595e-06, 0.0245221]
            ]
          }, {
            "db": 0,
            "id": "MA0462.2",
            "alt": "BATF::JUN",
            "len": 11,
            "nsites": 38154,
            "url": "http://jaspar.genereg.net/matrix/MA0462.2",
            "pwm": [
              [0.282146, 0.12481, 0.244195, 0.348849], 
              [0.492451, 0.190281, 0.176364, 0.140903], 
              [0.00961963, 0.00720864, 0.00477064, 0.978401], 
              [0.0218596, 0.0104846, 0.868452, 0.0992034], 
              [0.977091, 0.00534764, 0.00917363, 0.00838763], 
              [0.0366676, 0.816899, 0.109766, 0.0366676], 
              [0.0197886, 0.00631764, 0.0141276, 0.959766], 
              [0.103659, 0.858886, 0.0136816, 0.0237726], 
              [0.965926, 0.00833563, 0.0111136, 0.0146256], 
              [0.165094, 0.160009, 0.202993, 0.471902], 
              [0.351392, 0.253394, 0.12903, 0.266184]
            ]
          }, {
            "db": 0,
            "id": "MA0476.1",
            "alt": "FOS",
            "len": 11,
            "nsites": 29396,
            "url": "http://jaspar.genereg.net/matrix/MA0476.1",
            "pwm": [
              [0.26803, 0.0242218, 0.329501, 0.378249], 
              [0.254286, 0.346204, 0.368792, 0.0307187], 
              [8.50453e-07, 8.50453e-07, 8.50453e-07, 0.999997], 
              [8.50453e-07, 8.50453e-07, 0.922164, 0.0778346], 
              [0.999997, 8.50453e-07, 8.50453e-07, 8.50453e-07], 
              [0.0339507, 0.478942, 0.381208, 0.105899], 
              [8.50453e-07, 8.50453e-07, 8.50453e-07, 0.999997], 
              [8.50453e-07, 0.999997, 8.50453e-07, 8.50453e-07], 
              [0.999997, 8.50453e-07, 8.50453e-07, 8.50453e-07], 
              [0.00877782, 0.198088, 0.0523207, 0.740813], 
              [0.136277, 0.280174, 0.268642, 0.314907]
            ]
          }, {
            "db": 0,
            "id": "MA0477.1",
            "alt": "FOSL1",
            "len": 11,
            "nsites": 5272,
            "url": "http://jaspar.genereg.net/matrix/MA0477.1",
            "pwm": [
              [0.339717, 0.0225763, 0.452196, 0.185509], 
              [0.297419, 0.0828942, 0.589713, 0.0299742], 
              [4.74194e-06, 4.74194e-06, 4.74194e-06, 0.999986], 
              [4.74194e-06, 4.74194e-06, 0.999986, 4.74194e-06], 
              [0.999986, 4.74194e-06, 4.74194e-06, 4.74194e-06], 
              [0.0235243, 0.5918, 0.384671, 4.74194e-06], 
              [4.74194e-06, 4.74194e-06, 4.74194e-06, 0.999986], 
              [0.0335781, 0.966412, 4.74194e-06, 4.74194e-06], 
              [0.999986, 4.74194e-06, 4.74194e-06, 4.74194e-06], 
              [0.00702261, 0.153834, 0.328906, 0.510238], 
              [0.224583, 0.319422, 0.355651, 0.100344]
            ]
          }, {
            "db": 0,
            "id": "MA0477.2",
            "alt": "FOSL1",
            "len": 13,
            "nsites": 57681,
            "url": "http://jaspar.genereg.net/matrix/MA0477.2",
            "pwm": [
              [0.259687, 0.216553, 0.257416, 0.266344], 
              [0.276018, 0.191016, 0.292211, 0.240755], 
              [0.607755, 0.116208, 0.227579, 0.0484563], 
              [0.00450843, 0.00797542, 0.00317343, 0.984344], 
              [0.00892842, 0.00521842, 0.946914, 0.0389384], 
              [0.984829, 0.00497642, 0.00495842, 0.00523642], 
              [0.0443304, 0.761394, 0.149356, 0.0449194], 
              [0.0183774, 0.00282643, 0.0103674, 0.968429], 
              [0.0543163, 0.931172, 0.00482043, 0.00969142], 
              [0.977929, 0.00596442, 0.00981342, 0.00629342], 
              [0.0470874, 0.180285, 0.113261, 0.659367], 
              [0.254347, 0.271146, 0.213485, 0.261022], 
              [0.241951, 0.305768, 0.191831, 0.26045]
            ]
          }, {
            "db": 0,
            "id": "MA0478.1",
            "alt": "FOSL2",
            "len": 11,
            "nsites": 5318,
            "url": "http://jaspar.genereg.net/matrix/MA0478.1",
            "pwm": [
              [0.15664, 0.186913, 0.39225, 0.264197], 
              [0.286761, 0.111323, 0.509021, 0.092895], 
              [0.537979, 0.0103465, 0.437755, 0.0139194], 
              [4.70093e-06, 4.70093e-06, 4.70093e-06, 0.999986], 
              [4.70093e-06, 4.70093e-06, 0.999986, 4.70093e-06], 
              [0.954293, 0.00959452, 0.036108, 4.70093e-06], 
              [4.70093e-06, 0.617894, 0.345617, 0.036484], 
              [4.70093e-06, 4.70093e-06, 4.70093e-06, 0.999986], 
              [0.038552, 0.961439, 4.70093e-06, 4.70093e-06], 
              [0.999986, 4.70093e-06, 4.70093e-06, 4.70093e-06], 
              [4.70093e-06, 0.263069, 0.363481, 0.373447]
            ]
          }, {
            "db": 0,
            "id": "MA0489.1",
            "alt": "JUN(var.2)",
            "len": 14,
            "nsites": 10956,
            "url": "http://jaspar.genereg.net/matrix/MA0489.1",
            "pwm": [
              [0.44286, 0.114094, 0.257211, 0.185835], 
              [0.358433, 0.120848, 0.375136, 0.145583], 
              [0.340087, 0.102867, 0.395216, 0.16183], 
              [0.40124, 0.102411, 0.315899, 0.18045], 
              [0.378422, 0.0541278, 0.384537, 0.182914], 
              [0.541253, 0.0906365, 0.368108, 2.28183e-06], 
              [2.28183e-06, 2.28183e-06, 2.28183e-06, 0.999993], 
              [2.28183e-06, 2.28183e-06, 0.999993, 2.28183e-06], 
              [0.999719, 2.28183e-06, 2.28183e-06, 0.000276279], 
              [0.034869, 0.520626, 0.37331, 0.0711956], 
              [0.0181661, 2.28183e-06, 2.28183e-06, 0.981829], 
              [0.0872595, 0.912736, 2.28183e-06, 2.28183e-06], 
              [0.999993, 2.28183e-06, 2.28183e-06, 2.28183e-06], 
              [0.034321, 0.229007, 0.24142, 0.495252]
            ]
          }, {
            "db": 0,
            "id": "MA0490.1",
            "alt": "JUNB",
            "len": 11,
            "nsites": 16992,
            "url": "http://jaspar.genereg.net/matrix/MA0490.1",
            "pwm": [
              [0.212159, 0.198093, 0.352106, 0.237641], 
              [0.297493, 0.0622071, 0.495938, 0.144363], 
              [0.493408, 0.0342523, 0.472339, 1.47127e-06], 
              [1.47127e-06, 1.47127e-06, 1.47127e-06, 0.999996], 
              [1.47127e-06, 1.47127e-06, 0.999996, 1.47127e-06], 
              [0.999996, 1.47127e-06, 1.47127e-06, 1.47127e-06], 
              [1.47127e-06, 0.580212, 0.369644, 0.0501422], 
              [1.47127e-06, 1.47127e-06, 1.47127e-06, 0.999996], 
              [0.073918, 0.926079, 1.47127e-06, 1.47127e-06], 
              [0.999996, 1.47127e-06, 1.47127e-06, 1.47127e-06], 
              [0.0433162, 0.174317, 0.359992, 0.422374]
            ]
          }, {
            "db": 0,
            "id": "MA0490.2",
            "alt": "JUNB",
            "len": 13,
            "nsites": 79856,
            "url": "http://jaspar.genereg.net/matrix/MA0490.2",
            "pwm": [
              [0.285163, 0.207661, 0.227284, 0.279891], 
              [0.295044, 0.197944, 0.255497, 0.251515], 
              [0.708862, 0.0978892, 0.144836, 0.0484123], 
              [0.0067373, 0.0081903, 0.00403231, 0.98104], 
              [0.0096423, 0.0068873, 0.936147, 0.0473233], 
              [0.978022, 0.0065493, 0.0068873, 0.0085403], 
              [0.0595452, 0.748647, 0.131725, 0.0600832], 
              [0.0250333, 0.00361931, 0.0114333, 0.959914], 
              [0.0656562, 0.916636, 0.0077263, 0.0099803], 
              [0.972687, 0.0073633, 0.0112703, 0.0086783], 
              [0.0466093, 0.11115, 0.0940192, 0.748221], 
              [0.269786, 0.240808, 0.206509, 0.282897], 
              [0.264689, 0.258628, 0.18869, 0.287993]
            ]
          }, {
            "db": 0,
            "id": "MA0491.1",
            "alt": "JUND",
            "len": 11,
            "nsites": 38710,
            "url": "http://jaspar.genereg.net/matrix/MA0491.1",
            "pwm": [
              [0.320046, 0.0196076, 0.352364, 0.307982], 
              [0.391708, 0.124619, 0.483672, 6.45826e-07], 
              [6.45826e-07, 6.45826e-07, 6.45826e-07, 0.999998], 
              [6.45826e-07, 6.45826e-07, 0.999998, 6.45826e-07], 
              [0.999998, 6.45826e-07, 6.45826e-07, 6.45826e-07], 
              [6.45826e-07, 0.590467, 0.363679, 0.0458545], 
              [6.45826e-07, 6.45826e-07, 6.45826e-07, 0.999998], 
