Query_ID	Target_ID	Optimal_offset	p-value	E-value	q-value	Overlap	Query_consensus	Target_consensus	Orientation
1970_4500_10.7764_3.7938	MA0068.1	-1	5.98511e-10	6.05095e-07	1.20605e-06	30	GGGGGGGGGGCGGGTGCGGGGGAGTCTAAGATGTGACTCCGCGGTGTGACATAGATGAGTCATCGATGAGTCTCATCCCTGGGCACGCCGCAAAGATGAGTCACCTATGAGTCACCGCGGAGGGATAGTCGGGGGGGGGGGGGG	GGGGGGGGAGTGGAGTATTGGAAATTTTTC	-
1970_4500_10.7764_3.7938	MA1137.1	-52	4.85246e-05	0.0490584	0.0325936	13	GGGGGGGGGGCGGGTGCGGGGGAGTCTAAGATGTGACTCCGCGGTGTGACATAGATGAGTCATCGATGAGTCTCATCCCTGGGCACGCCGCAAAGATGAGTCACCTATGAGTCACCGCGGAGGGATAGTCGGGGGGGGGGGGGG	GTATGAGTCATCA	-
1970_4500_10.7764_3.7938	MA1622.1	-104	0.000279939	0.283018	0.11282	14	GGGGGGGGGGCGGGTGCGGGGGAGTCTAAGATGTGACTCCGCGGTGTGACATAGATGAGTCATCGATGAGTCTCATCCCTGGGCACGCCGCAAAGATGAGTCACCTATGAGTCACCGCGGAGGGATAGTCGGGGGGGGGGGGGG	TTATGAGTCATCAT	-
1970_4500_10.7764_3.7938	MA0615.1	-1	0.000545214	0.551211	0.131694	17	GGGGGGGGGGCGGGTGCGGGGGAGTCTAAGATGTGACTCCGCGGTGTGACATAGATGAGTCATCGATGAGTCTCATCCCTGGGCACGCCGCAAAGATGAGTCACCTATGAGTCACCGCGGAGGGATAGTCGGGGGGGGGGGGGG	GAGTGTACGTAAGATGG	+
1970_4500_10.7764_3.7938	MA1142.1	-54	0.000588189	0.594659	0.131694	10	GGGGGGGGGGCGGGTGCGGGGGAGTCTAAGATGTGACTCCGCGGTGTGACATAGATGAGTCATCGATGAGTCTCATCCCTGGGCACGCCGCAAAGATGAGTCACCTATGAGTCACCGCGGAGGGATAGTCGGGGGGGGGGGGGG	ATGAGTCATC	-
1970_4500_10.7764_3.7938	MA0014.1	-122	0.000922198	0.932342	0.18583	20	GGGGGGGGGGCGGGTGCGGGGGAGTCTAAGATGTGACTCCGCGGTGTGACATAGATGAGTCATCGATGAGTCTCATCCCTGGGCACGCCGCAAAGATGAGTCACCTATGAGTCACCGCGGAGGGATAGTCGGGGGGGGGGGGGG	GGAGCACTGAAGCGTAGCGG	+
1970_4500_10.7764_3.7938	MA0140.1	-17	0.00224559	2.27029	0.377085	18	GGGGGGGGGGCGGGTGCGGGGGAGTCTAAGATGTGACTCCGCGGTGTGACATAGATGAGTCATCGATGAGTCTCATCCCTGGGCACGCCGCAAAGATGAGTCACCTATGAGTCACCGCGGAGGGATAGTCGGGGGGGGGGGGGG	CTGGTGGGGACAGATAAG	+

# Tomtom (Motif Comparison Tool): Version 5.1.0 compiled on Oct  9 2020 at 08:11:46
# The format of this file is described at http://meme-suite.org//doc/tomtom-output-format.html.
# tomtom -no-ssc -o result/x1970/x1970.out result/x1970/x1970.meme ../../JASPAR2020.txt
