Query_ID	Target_ID	Optimal_offset	p-value	E-value	q-value	Overlap	Query_consensus	Target_consensus	Orientation
6935_3505_12.9560_11.3191	MA0068.1	-1	5.66605e-09	5.72838e-06	1.14568e-05	30	TTGTATCTGGTTGTCTTATTTTTAATTTTTTAAAAGAATTGGGGGGTAATCGGCGCCATATGGGCGCCATATGGCGCCCATTTGGGCCAAATAACCGGATAATAGGGAGTCAAAATTTAAAAATAAAGTTAGTTTAAAGGTTTT	GGGGGGGGAGTGGAGTATTGGAAATTTTTC	-

# Tomtom (Motif Comparison Tool): Version 5.1.0 compiled on Oct  9 2020 at 08:11:46
# The format of this file is described at http://meme-suite.org//doc/tomtom-output-format.html.
# tomtom -no-ssc -o result/x6935/x6935.out result/x6935/x6935.meme ../../JASPAR2020.txt
