Query_ID	Target_ID	Optimal_offset	p-value	E-value	q-value	Overlap	Query_consensus	Target_consensus	Orientation
2515_13356_6.2857_5.6996	MA0068.1	-26	4.52437e-07	0.000457414	0.000913968	30	CCTGGGCCTCCAGGGGGCCCCCAGGGGGCATGGGGGGCCCCTGTGGCGGCTTTCGG	GGGGGGGGAGTGGAGTATTGGAAATTTTTC	-
2515_13356_6.2857_5.6996	MA0139.1	-14	0.000427536	0.432239	0.268734	19	CCTGGGCCTCCAGGGGGCCCCCAGGGGGCATGGGGGGCCCCTGTGGCGGCTTTCGG	TGGCCACCAGGGGGCGCTA	+
2515_13356_6.2857_5.6996	MA0615.1	-39	0.00053212	0.537973	0.268734	17	CCTGGGCCTCCAGGGGGCCCCCAGGGGGCATGGGGGGCCCCTGTGGCGGCTTTCGG	GAGTGTACGTAAGATGG	+

# Tomtom (Motif Comparison Tool): Version 5.1.0 compiled on Oct  9 2020 at 08:11:46
# The format of this file is described at http://meme-suite.org//doc/tomtom-output-format.html.
# tomtom -no-ssc -o result/x2515/x2515.out result/x2515/x2515.meme ../../JASPAR2020.txt
