Query_ID	Target_ID	Optimal_offset	p-value	E-value	q-value	Overlap	Query_consensus	Target_consensus	Orientation
0495_1292_0.1632_0.0087	MA0068.1	-43	2.39613e-06	0.00242248	0.0025324	30	GGGGGGGGGCCGGGGGGGGGGGGGGGCCGTCTGTGGGCCCCCCACAGCGTATAGAGGGGTTCTGAATTTTAGTGATACCACTTCCTAACCACACCCGCGGCGGCCGGGGTGTGCCCAGGGGGGCCCTTGTGCGCTGGGGGCCCCGGGGGGGGGGGGGCGGGGG	GGGGGGGGAGTGGAGTATTGGAAATTTTTC	-
0495_1292_0.1632_0.0087	MA0079.2	-144	2.56085e-06	0.00258902	0.0025324	10	GGGGGGGGGCCGGGGGGGGGGGGGGGCCGTCTGTGGGCCCCCCACAGCGTATAGAGGGGTTCTGAATTTTAGTGATACCACTTCCTAACCACACCCGCGGCGGCCGGGGTGTGCCCAGGGGGGCCCTTGTGCGCTGGGGGCCCCGGGGGGGGGGGGGCGGGGG	GGGGGCGGGG	-
0495_1292_0.1632_0.0087	MA1653.1	-145	6.31886e-06	0.00638837	0.00312433	12	GGGGGGGGGCCGGGGGGGGGGGGGGGCCGTCTGTGGGCCCCCCACAGCGTATAGAGGGGTTCTGAATTTTAGTGATACCACTTCCTAACCACACCCGCGGCGGCCGGGGTGTGCCCAGGGGGGCCCTTGTGCGCTGGGGGCCCCGGGGGGGGGGGGGCGGGGG	GGGGGAGGGGGG	-
0495_1292_0.1632_0.0087	MA0162.2	-144	2.14576e-05	0.0216936	0.0078798	14	GGGGGGGGGCCGGGGGGGGGGGGGGGCCGTCTGTGGGCCCCCCACAGCGTATAGAGGGGTTCTGAATTTTAGTGATACCACTTCCTAACCACACCCGCGGCGGCCGGGGTGTGCCCAGGGGGGCCCTTGTGCGCTGGGGGCCCCGGGGGGGGGGGGGCGGGGG	GGCGGGGGCGGGGG	-
0495_1292_0.1632_0.0087	MA0753.1	-147	2.3905e-05	0.024168	0.0078798	10	GGGGGGGGGCCGGGGGGGGGGGGGGGCCGTCTGTGGGCCCCCCACAGCGTATAGAGGGGTTCTGAATTTTAGTGATACCACTTCCTAACCACACCCGCGGCGGCCGGGGTGTGCCCAGGGGGGCCCTTGTGCGCTGGGGGCCCCGGGGGGGGGGGGGCGGGGG	GTGGGGGGGG	-

# Tomtom (Motif Comparison Tool): Version 5.1.0 compiled on Oct  9 2020 at 08:11:46
# The format of this file is described at http://meme-suite.org//doc/tomtom-output-format.html.
# tomtom -no-ssc -thresh 0.01 -o result/x00447/x00447.out result/x00447/x00447.meme ../../../JASPAR2020.txt
