Query_ID	Target_ID	Optimal_offset	p-value	E-value	q-value	Overlap	Query_consensus	Target_consensus	Orientation
3648_8670_3.0822_0.5741	MA0068.1	-71	1.27827e-07	0.000129233	0.000258467	30	CGGGGGGGGCGGGGGGGCCCCGGGGGCCCCCGGGCCCCCCGGGCCCCCCGGCCCCCCGGGCGCGCATGCATGCATGCATGCCCACATGCCCGCCCGCCCGTGGGGGGGGGGG	GAAAAATTTCCCATACTCCACTCCCCCCCC	+
3648_8670_3.0822_0.5741	MA0615.1	-67	0.000407035	0.411512	0.274342	17	CGGGGGGGGCGGGGGGGCCCCGGGGGCCCCCGGGCCCCCCGGGCCCCCCGGCCCCCCGGGCGCGCATGCATGCATGCATGCCCACATGCCCGCCCGCCCGTGGGGGGGGGGG	GAGTGTACGTAAGATGG	+

# Tomtom (Motif Comparison Tool): Version 5.1.0 compiled on Oct  9 2020 at 08:11:46
# The format of this file is described at http://meme-suite.org//doc/tomtom-output-format.html.
# tomtom -no-ssc -o result/x3648/x3648.out result/x3648/x3648.meme ../../JASPAR2020.txt
