Query_ID	Target_ID	Optimal_offset	p-value	E-value	q-value	Overlap	Query_consensus	Target_consensus	Orientation
4785_3473_15.0752_9.2181	MA1137.1	-75	4.12557e-08	4.17095e-05	7.78308e-05	13	AGTCGGATACCATCGGTTAGTCGAGGAAGCATTAATCGATGACCAATCTTGGGCCGTTTCCCAACGATGACTCATCGATGAGTCATCGGTGAGTCATCGTGCGCGTCAGTGA	GTATGAGTCATCA	-
4785_3473_15.0752_9.2181	MA1142.1	-77	8.06683e-08	8.15557e-05	7.78308e-05	10	AGTCGGATACCATCGGTTAGTCGAGGAAGCATTAATCGATGACCAATCTTGGGCCGTTTCCCAACGATGACTCATCGATGAGTCATCGGTGAGTCATCGTGCGCGTCAGTGA	ATGAGTCATC	-
4785_3473_15.0752_9.2181	MA1132.1	-77	5.5867e-07	0.000564815	0.000247002	10	AGTCGGATACCATCGGTTAGTCGAGGAAGCATTAATCGATGACCAATCTTGGGCCGTTTCCCAACGATGACTCATCGATGAGTCATCGGTGAGTCATCGTGCGCGTCAGTGA	ATGAGTCATC	-
4785_3473_15.0752_9.2181	MA1134.1	-76	6.40017e-07	0.000647057	0.000247002	12	AGTCGGATACCATCGGTTAGTCGAGGAAGCATTAATCGATGACCAATCTTGGGCCGTTTCCCAACGATGACTCATCGATGAGTCATCGGTGAGTCATCGTGCGCGTCAGTGA	GATGAGTCATCC	+
4785_3473_15.0752_9.2181	MA1622.1	-75	7.72153e-07	0.000780647	0.000247157	14	AGTCGGATACCATCGGTTAGTCGAGGAAGCATTAATCGATGACCAATCTTGGGCCGTTTCCCAACGATGACTCATCGATGAGTCATCGGTGAGTCATCGTGCGCGTCAGTGA	TTATGAGTCATCAT	-
4785_3473_15.0752_9.2181	MA1144.1	-77	9.02894e-07	0.000912826	0.000247157	10	AGTCGGATACCATCGGTTAGTCGAGGAAGCATTAATCGATGACCAATCTTGGGCCGTTTCCCAACGATGACTCATCGATGAGTCATCGGTGAGTCATCGTGCGCGTCAGTGA	ATGAGTCATC	-
4785_3473_15.0752_9.2181	MA1130.1	-75	1.23096e-06	0.0012445	0.000247157	12	AGTCGGATACCATCGGTTAGTCGAGGAAGCATTAATCGATGACCAATCTTGGGCCGTTTCCCAACGATGACTCATCGATGAGTCATCGGTGAGTCATCGTGCGCGTCAGTGA	GGATGAGTCATC	+
4785_3473_15.0752_9.2181	MA1135.1	-77	1.43297e-06	0.00144873	0.000247157	10	AGTCGGATACCATCGGTTAGTCGAGGAAGCATTAATCGATGACCAATCTTGGGCCGTTTCCCAACGATGACTCATCGATGAGTCATCGGTGAGTCATCGTGCGCGTCAGTGA	ATGAGTCATC	-
4785_3473_15.0752_9.2181	MA1141.1	-75	1.6252e-06	0.00164307	0.000247157	13	AGTCGGATACCATCGGTTAGTCGAGGAAGCATTAATCGATGACCAATCTTGGGCCGTTTCCCAACGATGACTCATCGATGAGTCATCGGTGAGTCATCGTGCGCGTCAGTGA	GGATGAGTCATCG	+
4785_3473_15.0752_9.2181	MA1128.1	-75	1.6252e-06	0.00164307	0.000247157	13	AGTCGGATACCATCGGTTAGTCGAGGAAGCATTAATCGATGACCAATCTTGGGCCGTTTCCCAACGATGACTCATCGATGAGTCATCGGTGAGTCATCGTGCGCGTCAGTGA	GGATGAGTCATCA	-
4785_3473_15.0752_9.2181	MA0099.3	-77	1.66509e-06	0.00168341	0.000247157	10	AGTCGGATACCATCGGTTAGTCGAGGAAGCATTAATCGATGACCAATCTTGGGCCGTTTCCCAACGATGACTCATCGATGAGTCATCGGTGAGTCATCGTGCGCGTCAGTGA	ATGAGTCATC	+
4785_3473_15.0752_9.2181	MA1138.1	-77	1.66509e-06	0.00168341	0.000247157	10	AGTCGGATACCATCGGTTAGTCGAGGAAGCATTAATCGATGACCAATCTTGGGCCGTTTCCCAACGATGACTCATCGATGAGTCATCGGTGAGTCATCGTGCGCGTCAGTGA	ATGAGTCATC	-
4785_3473_15.0752_9.2181	MA0068.1	-10	1.95542e-06	0.00197693	0.00026952	30	AGTCGGATACCATCGGTTAGTCGAGGAAGCATTAATCGATGACCAATCTTGGGCCGTTTCCCAACGATGACTCATCGATGAGTCATCGGTGAGTCATCGTGCGCGTCAGTGA	GGGGGGGGAGTGGAGTATTGGAAATTTTTC	-
4785_3473_15.0752_9.2181	MA0099.2	-78	3.10173e-06	0.00313585	0.000348743	7	AGTCGGATACCATCGGTTAGTCGAGGAAGCATTAATCGATGACCAATCTTGGGCCGTTTCCCAACGATGACTCATCGATGAGTCATCGGTGAGTCATCGTGCGCGTCAGTGA	TGAGTCA	-
4785_3473_15.0752_9.2181	MA1521.1	-74	4.46575e-06	0.00451487	0.000394876	15	AGTCGGATACCATCGGTTAGTCGAGGAAGCATTAATCGATGACCAATCTTGGGCCGTTTCCCAACGATGACTCATCGATGAGTCATCGGTGAGTCATCGTGCGCGTCAGTGA	TTGCTGAGTCAGCAA	+
4785_3473_15.0752_9.2181	MA0477.2	-75	6.23409e-06	0.00630266	0.00043189	13	AGTCGGATACCATCGGTTAGTCGAGGAAGCATTAATCGATGACCAATCTTGGGCCGTTTCCCAACGATGACTCATCGATGAGTCATCGGTGAGTCATCGTGCGCGTCAGTGA	GGATGAGTCATCA	-
4785_3473_15.0752_9.2181	MA1101.2	-72	6.8345e-06	0.00690968	0.00043189	19	AGTCGGATACCATCGGTTAGTCGAGGAAGCATTAATCGATGACCAATCTTGGGCCGTTTCCCAACGATGACTCATCGATGAGTCATCGGTGAGTCATCGTGCGCGTCAGTGA	AAATGATGAGTCATGCTTT	-
4785_3473_15.0752_9.2181	MA0491.2	-75	6.93836e-06	0.00701468	0.00043189	13	AGTCGGATACCATCGGTTAGTCGAGGAAGCATTAATCGATGACCAATCTTGGGCCGTTTCCCAACGATGACTCATCGATGAGTCATCGGTGAGTCATCGTGCGCGTCAGTGA	GGATGAGTCATCA	-
4785_3473_15.0752_9.2181	MA1634.1	-76	7.5127e-06	0.00759534	0.000453027	11	AGTCGGATACCATCGGTTAGTCGAGGAAGCATTAATCGATGACCAATCTTGGGCCGTTTCCCAACGATGACTCATCGATGAGTCATCGGTGAGTCATCGTGCGCGTCAGTGA	TATGAGTCATA	-
4785_3473_15.0752_9.2181	MA0489.1	-77	8.15851e-06	0.00824826	0.000477062	14	AGTCGGATACCATCGGTTAGTCGAGGAAGCATTAATCGATGACCAATCTTGGGCCGTTTCCCAACGATGACTCATCGATGAGTCATCGGTGAGTCATCGTGCGCGTCAGTGA	ATGAGTCATCTCCT	-
4785_3473_15.0752_9.2181	MA0462.2	-76	1.07529e-05	0.0108712	0.000595361	11	AGTCGGATACCATCGGTTAGTCGAGGAAGCATTAATCGATGACCAATCTTGGGCCGTTTCCCAACGATGACTCATCGATGAGTCATCGGTGAGTCATCGTGCGCGTCAGTGA	TATGAGTCATA	-
4785_3473_15.0752_9.2181	MA0659.1	-71	1.09334e-05	0.0110536	0.000595361	21	AGTCGGATACCATCGGTTAGTCGAGGAAGCATTAATCGATGACCAATCTTGGGCCGTTTCCCAACGATGACTCATCGATGAGTCATCGGTGAGTCATCGTGCGCGTCAGTGA	AAATTGCTGAGTCAGCATATT	+
4785_3473_15.0752_9.2181	MA0490.2	-75	1.17243e-05	0.0118532	0.000595361	13	AGTCGGATACCATCGGTTAGTCGAGGAAGCATTAATCGATGACCAATCTTGGGCCGTTTCCCAACGATGACTCATCGATGAGTCATCGGTGAGTCATCGTGCGCGTCAGTGA	AAATGAGTCATTT	-
4785_3473_15.0752_9.2181	MA0495.2	-71	1.6182e-05	0.01636	0.000780638	21	AGTCGGATACCATCGGTTAGTCGAGGAAGCATTAATCGATGACCAATCTTGGGCCGTTTCCCAACGATGACTCATCGATGAGTCATCGGTGAGTCATCGTGCGCGTCAGTGA	AATTTGCTGAGTCAGCAAATT	+
4785_3473_15.0752_9.2181	MA0496.3	-73	1.69258e-05	0.017112	0.000796605	15	AGTCGGATACCATCGGTTAGTCGAGGAAGCATTAATCGATGACCAATCTTGGGCCGTTTCCCAACGATGACTCATCGATGAGTCATCGGTGAGTCATCGTGCGCGTCAGTGA	ATTGCTGAGTCAGCA	-
4785_3473_15.0752_9.2181	MA1520.1	-74	1.85474e-05	0.0187514	0.000832323	15	AGTCGGATACCATCGGTTAGTCGAGGAAGCATTAATCGATGACCAATCTTGGGCCGTTTCCCAACGATGACTCATCGATGAGTCATCGGTGAGTCATCGTGCGCGTCAGTGA	ATGCTGAGTCAGCAA	+
4785_3473_15.0752_9.2181	MA0835.2	-76	2.39679e-05	0.0242316	0.00102777	11	AGTCGGATACCATCGGTTAGTCGAGGAAGCATTAATCGATGACCAATCTTGGGCCGTTTCCCAACGATGACTCATCGATGAGTCATCGGTGAGTCATCGTGCGCGTCAGTGA	TATGAGTCATA	-
4785_3473_15.0752_9.2181	MA0478.1	-77	3.33281e-05	0.0336947	0.0013262	11	AGTCGGATACCATCGGTTAGTCGAGGAAGCATTAATCGATGACCAATCTTGGGCCGTTTCCCAACGATGACTCATCGATGAGTCATCGGTGAGTCATCGTGCGCGTCAGTGA	ATGAGTCATCC	-
4785_3473_15.0752_9.2181	MA0089.2	-73	3.36766e-05	0.034047	0.0013262	16	AGTCGGATACCATCGGTTAGTCGAGGAAGCATTAATCGATGACCAATCTTGGGCCGTTTCCCAACGATGACTCATCGATGAGTCATCGGTGAGTCATCGTGCGCGTCAGTGA	ATTGCTGAGTCATTCT	-
4785_3473_15.0752_9.2181	MA0496.2	-72	3.46227e-05	0.0350035	0.00133619	19	AGTCGGATACCATCGGTTAGTCGAGGAAGCATTAATCGATGACCAATCTTGGGCCGTTTCCCAACGATGACTCATCGATGAGTCATCGGTGAGTCATCGTGCGCGTCAGTGA	AATTGCTGAGTCAGCAAAT	+
4785_3473_15.0752_9.2181	MA0490.1	-77	3.71357e-05	0.0375442	0.00137805	11	AGTCGGATACCATCGGTTAGTCGAGGAAGCATTAATCGATGACCAATCTTGGGCCGTTTCCCAACGATGACTCATCGATGAGTCATCGGTGAGTCATCGTGCGCGTCAGTGA	ATGAGTCATCC	-
4785_3473_15.0752_9.2181	MA0476.1	-76	4.13438e-05	0.0417986	0.00145053	11	AGTCGGATACCATCGGTTAGTCGAGGAAGCATTAATCGATGACCAATCTTGGGCCGTTTCCCAACGATGACTCATCGATGAGTCATCGGTGAGTCATCGTGCGCGTCAGTGA	TGTGACTCATT	+
4785_3473_15.0752_9.2181	MA0491.1	-76	4.13438e-05	0.0417986	0.00145053	11	AGTCGGATACCATCGGTTAGTCGAGGAAGCATTAATCGATGACCAATCTTGGGCCGTTTCCCAACGATGACTCATCGATGAGTCATCGGTGAGTCATCGTGCGCGTCAGTGA	GGTGACTCATC	+
4785_3473_15.0752_9.2181	MA1101.1	-73	5.40862e-05	0.0546811	0.00177744	14	AGTCGGATACCATCGGTTAGTCGAGGAAGCATTAATCGATGACCAATCTTGGGCCGTTTCCCAACGATGACTCATCGATGAGTCATCGGTGAGTCATCGTGCGCGTCAGTGA	ATTGCTGAGTCATC	-
4785_3473_15.0752_9.2181	MA1633.1	-74	7.45579e-05	0.0753781	0.00235853	13	AGTCGGATACCATCGGTTAGTCGAGGAAGCATTAATCGATGACCAATCTTGGGCCGTTTCCCAACGATGACTCATCGATGAGTCATCGGTGAGTCATCGTGCGCGTCAGTGA	TTGCTGAGTCATC	-
4785_3473_15.0752_9.2181	MA0477.1	-76	0.00010489	0.106044	0.00306669	11	AGTCGGATACCATCGGTTAGTCGAGGAAGCATTAATCGATGACCAATCTTGGGCCGTTTCCCAACGATGACTCATCGATGAGTCATCGGTGAGTCATCGTGCGCGTCAGTGA	CATGAGTCACC	-
4785_3473_15.0752_9.2181	MA0150.2	-75	0.000124467	0.125836	0.00348082	15	AGTCGGATACCATCGGTTAGTCGAGGAAGCATTAATCGATGACCAATCTTGGGCCGTTTCCCAACGATGACTCATCGATGAGTCATCGGTGAGTCATCGTGCGCGTCAGTGA	TGCTGAGTCATGCTG	-
4785_3473_15.0752_9.2181	MA0841.1	-76	0.00015571	0.157423	0.00417313	11	AGTCGGATACCATCGGTTAGTCGAGGAAGCATTAATCGATGACCAATCTTGGGCCGTTTCCCAACGATGACTCATCGATGAGTCATCGGTGAGTCATCGTGCGCGTCAGTGA	GATGAGTCATG	-
4785_3473_15.0752_9.2181	MA0495.1	-76	0.000174775	0.176697	0.00461991	18	AGTCGGATACCATCGGTTAGTCGAGGAAGCATTAATCGATGACCAATCTTGGGCCGTTTCCCAACGATGACTCATCGATGAGTCATCGGTGAGTCATCGTGCGCGTCAGTGA	GCTGAGTCAGCAATTTTT	+
4785_3473_15.0752_9.2181	MA0462.1	-78	0.000251449	0.254215	0.00647853	11	AGTCGGATACCATCGGTTAGTCGAGGAAGCATTAATCGATGACCAATCTTGGGCCGTTTCCCAACGATGACTCATCGATGAGTCATCGGTGAGTCATCGTGCGCGTCAGTGA	TGAGTCATTTC	-
4785_3473_15.0752_9.2181	MA0655.1	-77	0.000251802	0.254572	0.00647853	9	AGTCGGATACCATCGGTTAGTCGAGGAAGCATTAATCGATGACCAATCTTGGGCCGTTTCCCAACGATGACTCATCGATGAGTCATCGGTGAGTCATCGTGCGCGTCAGTGA	ATGAGTCAT	-
4785_3473_15.0752_9.2181	MA0501.1	-71	0.000256995	0.259822	0.00652514	15	AGTCGGATACCATCGGTTAGTCGAGGAAGCATTAATCGATGACCAATCTTGGGCCGTTTCCCAACGATGACTCATCGATGAGTCATCGGTGAGTCATCGTGCGCGTCAGTGA	AAATTGCTGAGTCAT	-
4785_3473_15.0752_9.2181	MA0099.1	-77	0.000260778	0.263646	0.00653519	8	AGTCGGATACCATCGGTTAGTCGAGGAAGCATTAATCGATGACCAATCTTGGGCCGTTTCCCAACGATGACTCATCGATGAGTCATCGGTGAGTCATCGTGCGCGTCAGTGA	GTGAGTCA	+
4785_3473_15.0752_9.2181	MA0591.1	-74	0.000351585	0.355453	0.00848045	15	AGTCGGATACCATCGGTTAGTCGAGGAAGCATTAATCGATGACCAATCTTGGGCCGTTTCCCAACGATGACTCATCGATGAGTCATCGGTGAGTCATCGTGCGCGTCAGTGA	GTGCTGAGTCATCCT	-
4785_3473_15.0752_9.2181	MA0014.1	-68	0.000487656	0.49302	0.0114757	20	AGTCGGATACCATCGGTTAGTCGAGGAAGCATTAATCGATGACCAATCTTGGGCCGTTTCCCAACGATGACTCATCGATGAGTCATCGGTGAGTCATCGTGCGCGTCAGTGA	GGAGCACTGAAGCGTAGCGG	+
4785_3473_15.0752_9.2181	MA1640.1	-75	0.00117253	1.18543	0.0260066	15	AGTCGGATACCATCGGTTAGTCGAGGAAGCATTAATCGATGACCAATCTTGGGCCGTTTCCCAACGATGACTCATCGATGAGTCATCGGTGAGTCATCGTGCGCGTCAGTGA	AAATGATTTATGGCT	+
4785_3473_15.0752_9.2181	MA0791.1	-70	0.00180309	1.82292	0.0383427	16	AGTCGGATACCATCGGTTAGTCGAGGAAGCATTAATCGATGACCAATCTTGGGCCGTTTCCCAACGATGACTCATCGATGAGTCATCGGTGAGTCATCGTGCGCGTCAGTGA	CTCATTAATTATGCAT	-
4785_3473_15.0752_9.2181	MA0782.2	-76	0.0018082	1.82809	0.0383427	15	AGTCGGATACCATCGGTTAGTCGAGGAAGCATTAATCGATGACCAATCTTGGGCCGTTTCCCAACGATGACTCATCGATGAGTCATCGGTGAGTCATCGTGCGCGTCAGTGA	TTTGAGTGACAGCTA	+
4785_3473_15.0752_9.2181	MA1114.1	-75	0.00186564	1.88616	0.0391307	17	AGTCGGATACCATCGGTTAGTCGAGGAAGCATTAATCGATGACCAATCTTGGGCCGTTTCCCAACGATGACTCATCGATGAGTCATCGGTGAGTCATCGTGCGCGTCAGTGA	GGGTGAGTGACAGGCGG	+
4785_3473_15.0752_9.2181	MA0140.1	-81	0.00362023	3.66006	0.0727685	18	AGTCGGATACCATCGGTTAGTCGAGGAAGCATTAATCGATGACCAATCTTGGGCCGTTTCCCAACGATGACTCATCGATGAGTCATCGGTGAGTCATCGTGCGCGTCAGTGA	CTTATCTGTCCCCACCAG	-
4785_3473_15.0752_9.2181	MA0014.2	-81	0.0042798	4.32687	0.0843938	19	AGTCGGATACCATCGGTTAGTCGAGGAAGCATTAATCGATGACCAATCTTGGGCCGTTTCCCAACGATGACTCATCGATGAGTCATCGGTGAGTCATCGTGCGCGTCAGTGA	GTCACGCTTGGCTGCCCTC	-
4785_3473_15.0752_9.2181	MA0150.1	-75	0.00429172	4.33893	0.0843938	11	AGTCGGATACCATCGGTTAGTCGAGGAAGCATTAATCGATGACCAATCTTGGGCCGTTTCCCAACGATGACTCATCGATGAGTCATCGGTGAGTCATCGTGCGCGTCAGTGA	TGCTGAGTCAT	-
4785_3473_15.0752_9.2181	MA1592.1	-73	0.00436146	4.40944	0.0843938	16	AGTCGGATACCATCGGTTAGTCGAGGAAGCATTAATCGATGACCAATCTTGGGCCGTTTCCCAACGATGACTCATCGATGAGTCATCGGTGAGTCATCGTGCGCGTCAGTGA	AGCGAGAACTCATACC	-
4785_3473_15.0752_9.2181	MA0159.1	-68	0.00441727	4.46586	0.0843938	17	AGTCGGATACCATCGGTTAGTCGAGGAAGCATTAATCGATGACCAATCTTGGGCCGTTTCCCAACGATGACTCATCGATGAGTCATCGGTGAGTCATCGTGCGCGTCAGTGA	AGGTCACGGAGAGGTCA	+
4785_3473_15.0752_9.2181	MA0910.1	-74	0.00441727	4.46586	0.0843938	17	AGTCGGATACCATCGGTTAGTCGAGGAAGCATTAATCGATGACCAATCTTGGGCCGTTTCCCAACGATGACTCATCGATGAGTCATCGGTGAGTCATCGTGCGCGTCAGTGA	TAAATAATTAATGGCTA	+
4785_3473_15.0752_9.2181	MA1149.1	-78	0.00497994	5.03472	0.094099	18	AGTCGGATACCATCGGTTAGTCGAGGAAGCATTAATCGATGACCAATCTTGGGCCGTTTCCCAACGATGACTCATCGATGAGTCATCGGTGAGTCATCGTGCGCGTCAGTGA	GAGGTCATGTAGAGGTCA	+
4785_3473_15.0752_9.2181	MA0842.1	-81	0.00502278	5.07803	0.094099	11	AGTCGGATACCATCGGTTAGTCGAGGAAGCATTAATCGATGACCAATCTTGGGCCGTTTCCCAACGATGACTCATCGATGAGTCATCGGTGAGTCATCGTGCGCGTCAGTGA	GTCAGCAAATT	-
4785_3473_15.0752_9.2181	MA1143.1	-76	0.00510083	5.15694	0.0946424	10	AGTCGGATACCATCGGTTAGTCGAGGAAGCATTAATCGATGACCAATCTTGGGCCGTTTCCCAACGATGACTCATCGATGAGTCATCGGTGAGTCATCGTGCGCGTCAGTGA	GTTACGTCAT	-
4785_3473_15.0752_9.2181	MA0496.1	-77	0.0058774	5.94205	0.106994	15	AGTCGGATACCATCGGTTAGTCGAGGAAGCATTAATCGATGACCAATCTTGGGCCGTTTCCCAACGATGACTCATCGATGAGTCATCGGTGAGTCATCGTGCGCGTCAGTGA	CTGAGTCAGCAATTT	+
4785_3473_15.0752_9.2181	MA0615.1	-2	0.00609736	6.16443	0.10996	17	AGTCGGATACCATCGGTTAGTCGAGGAAGCATTAATCGATGACCAATCTTGGGCCGTTTCCCAACGATGACTCATCGATGAGTCATCGGTGAGTCATCGTGCGCGTCAGTGA	GAGTGTACGTAAGATGG	+
4785_3473_15.0752_9.2181	MA1639.1	-76	0.0067344	6.80848	0.11922	13	AGTCGGATACCATCGGTTAGTCGAGGAAGCATTAATCGATGACCAATCTTGGGCCGTTTCCCAACGATGACTCATCGATGAGTCATCGGTGAGTCATCGTGCGCGTCAGTGA	AATGATTGATGAC	-
4785_3473_15.0752_9.2181	MA1113.2	-76	0.00723061	7.31014	0.126841	13	AGTCGGATACCATCGGTTAGTCGAGGAAGCATTAATCGATGACCAATCTTGGGCCGTTTCCCAACGATGACTCATCGATGAGTCATCGGTGAGTCATCGTGCGCGTCAGTGA	AATGATTTATGAC	-
4785_3473_15.0752_9.2181	MA0089.1	-81	0.00777974	7.86532	0.135245	6	AGTCGGATACCATCGGTTAGTCGAGGAAGCATTAATCGATGACCAATCTTGGGCCGTTTCCCAACGATGACTCATCGATGAGTCATCGGTGAGTCATCGTGCGCGTCAGTGA	GTCATG	-
4785_3473_15.0752_9.2181	MA0117.1	-79	0.00894602	9.04443	0.151427	8	AGTCGGATACCATCGGTTAGTCGAGGAAGCATTAATCGATGACCAATCTTGGGCCGTTTCCCAACGATGACTCATCGATGAGTCATCGGTGAGTCATCGTGCGCGTCAGTGA	CCGTCAGC	-
4785_3473_15.0752_9.2181	MA0485.1	-77	0.0102764	10.3895	0.172434	13	AGTCGGATACCATCGGTTAGTCGAGGAAGCATTAATCGATGACCAATCTTGGGCCGTTTCCCAACGATGACTCATCGATGAGTCATCGGTGAGTCATCGTGCGCGTCAGTGA	GTGATTTATGGCC	-
4785_3473_15.0752_9.2181	MA1126.1	-75	0.0108426	10.9619	0.180366	16	AGTCGGATACCATCGGTTAGTCGAGGAAGCATTAATCGATGACCAATCTTGGGCCGTTTCCCAACGATGACTCATCGATGAGTCATCGGTGAGTCATCGTGCGCGTCAGTGA	GATGACGTCATCATTT	+
4785_3473_15.0752_9.2181	MA0790.1	-72	0.0109843	11.1052	0.181162	14	AGTCGGATACCATCGGTTAGTCGAGGAAGCATTAATCGATGACCAATCTTGGGCCGTTTCCCAACGATGACTCATCGATGAGTCATCGGTGAGTCATCGTGCGCGTCAGTGA	CATTAATTATTCAT	-
4785_3473_15.0752_9.2181	MA0659.2	-79	0.012978	13.1207	0.206966	15	AGTCGGATACCATCGGTTAGTCGAGGAAGCATTAATCGATGACCAATCTTGGGCCGTTTCCCAACGATGACTCATCGATGAGTCATCGGTGAGTCATCGTGCGCGTCAGTGA	GAGTCAGCATTTTTT	+
4785_3473_15.0752_9.2181	MA0067.1	-80	0.0195321	19.747	0.303953	8	AGTCGGATACCATCGGTTAGTCGAGGAAGCATTAATCGATGACCAATCTTGGGCCGTTTCCCAACGATGACTCATCGATGAGTCATCGGTGAGTCATCGTGCGCGTCAGTGA	AGTCACGC	+
4785_3473_15.0752_9.2181	MA0844.1	-73	0.0212504	21.4842	0.328047	14	AGTCGGATACCATCGGTTAGTCGAGGAAGCATTAATCGATGACCAATCTTGGGCCGTTTCCCAACGATGACTCATCGATGAGTCATCGGTGAGTCATCGTGCGCGTCAGTGA	AATGCCACGTCATC	+
4785_3473_15.0752_9.2181	MA1113.1	-77	0.0232532	23.509	0.353312	12	AGTCGGATACCATCGGTTAGTCGAGGAAGCATTAATCGATGACCAATCTTGGGCCGTTTCCCAACGATGACTCATCGATGAGTCATCGGTGAGTCATCGTGCGCGTCAGTGA	GTGATTGACAGG	+
4785_3473_15.0752_9.2181	MA0117.2	-80	0.0232532	23.509	0.353312	12	AGTCGGATACCATCGGTTAGTCGAGGAAGCATTAATCGATGACCAATCTTGGGCCGTTTCCCAACGATGACTCATCGATGAGTCATCGGTGAGTCATCGTGCGCGTCAGTGA	AGTCAGCATTTT	-
4785_3473_15.0752_9.2181	MA1145.1	-74	0.0260777	26.3645	0.390083	15	AGTCGGATACCATCGGTTAGTCGAGGAAGCATTAATCGATGACCAATCTTGGGCCGTTTCCCAACGATGACTCATCGATGAGTCATCGGTGAGTCATCGTGCGCGTCAGTGA	TGATGACGTCATCGC	+
4785_3473_15.0752_9.2181	MA1518.1	-81	0.0273129	27.6134	0.405418	8	AGTCGGATACCATCGGTTAGTCGAGGAAGCATTAATCGATGACCAATCTTGGGCCGTTTCCCAACGATGACTCATCGATGAGTCATCGGTGAGTCATCGTGCGCGTCAGTGA	GTAATTGC	-
4785_3473_15.0752_9.2181	MA0498.1	-75	0.0277471	28.0524	0.408719	15	AGTCGGATACCATCGGTTAGTCGAGGAAGCATTAATCGATGACCAATCTTGGGCCGTTTCCCAACGATGACTCATCGATGAGTCATCGGTGAGTCATCGTGCGCGTCAGTGA	AGGTGAGTGACAGCT	-
4785_3473_15.0752_9.2181	MA1636.1	-73	0.0295164	29.8411	0.431487	15	AGTCGGATACCATCGGTTAGTCGAGGAAGCATTAATCGATGACCAATCTTGGGCCGTTTCCCAACGATGACTCATCGATGAGTCATCGGTGAGTCATCGTGCGCGTCAGTGA	ATGATTGCATCATTT	-
4785_3473_15.0752_9.2181	MA0891.1	-80	0.032824	33.1851	0.476232	10	AGTCGGATACCATCGGTTAGTCGAGGAAGCATTAATCGATGACCAATCTTGGGCCGTTTCCCAACGATGACTCATCGATGAGTCATCGGTGAGTCATCGTGCGCGTCAGTGA	CCTAATCCGC	+

# Tomtom (Motif Comparison Tool): Version 5.1.0 compiled on Oct  9 2020 at 08:11:46
# The format of this file is described at http://meme-suite.org//doc/tomtom-output-format.html.
# tomtom -no-ssc -o result/x4785/x4785.out result/x4785/x4785.meme ../../JASPAR2020.txt
