Query_ID	Target_ID	Optimal_offset	p-value	E-value	q-value	Overlap	Query_consensus	Target_consensus	Orientation
4334_12673_16.0497_20.0499	MA0068.1	-56	1.11361e-07	0.000112586	0.00016874	30	GGGGGGGGGGGGGGGTGCAGTACCACCATCGGCCACCAGGTGGCGCCAGCGCGCCACTGCAAATTACCAACGCGGGCGCGCGGGGCGGCCGGGGGGGGCCCGGGGGGGGGGG	GAAAAATTTCCCATACTCCACTCCCCCCCC	+
4334_12673_16.0497_20.0499	MA0139.1	-29	2.78599e-06	0.00281664	0.00187776	19	GGGGGGGGGGGGGGGTGCAGTACCACCATCGGCCACCAGGTGGCGCCAGCGCGCCACTGCAAATTACCAACGCGGGCGCGCGGGGCGGCCGGGGGGGGCCCGGGGGGGGGGG	TGGCCACCAGGGGGCGCTA	+
4334_12673_16.0497_20.0499	MA0615.1	-58	0.000591388	0.597893	0.298947	17	GGGGGGGGGGGGGGGTGCAGTACCACCATCGGCCACCAGGTGGCGCCAGCGCGCCACTGCAAATTACCAACGCGGGCGCGCGGGGCGGCCGGGGGGGGCCCGGGGGGGGGGG	CCATCGTACGTAAACTC	-

# Tomtom (Motif Comparison Tool): Version 5.1.0 compiled on Oct  9 2020 at 08:11:46
# The format of this file is described at http://meme-suite.org//doc/tomtom-output-format.html.
# tomtom -no-ssc -o result/x4334/x4334.out result/x4334/x4334.meme ../../JASPAR2020.txt
