Query_ID	Target_ID	Optimal_offset	p-value	E-value	q-value	Overlap	Query_consensus	Target_consensus	Orientation
0323_11473_15.0322_11.3143	MA0068.1	0	0.00011866	0.119965	0.239931	30	TTTTTAACGCCCCCCCGTGGTGGCGACTTCGCGAAATGCCGCGCACGGGGG	GAAAAATTTCCCATACTCCACTCCCCCCCC	+
0323_11473_15.0322_11.3143	MA0139.1	-7	0.000399415	0.403809	0.289871	19	TTTTTAACGCCCCCCCGTGGTGGCGACTTCGCGAAATGCCGCGCACGGGGG	TAGCGCCCCCTGGTGGCCA	-
0323_11473_15.0322_11.3143	MA0014.1	-23	0.000430076	0.434807	0.289871	20	TTTTTAACGCCCCCCCGTGGTGGCGACTTCGCGAAATGCCGCGCACGGGGG	CGGTTACGCTTCAGTGCTCT	-

# Tomtom (Motif Comparison Tool): Version 5.1.0 compiled on Nov 27 2019 at 01:03:07
# The format of this file is described at http://meme-suite.org/doc/tomtom-output-format.html.
# tomtom -no-ssc -o result/xml/xml.out result/xml/xml.meme ../../../JASPAR2020.txt
