Query_ID	Target_ID	Optimal_offset	p-value	E-value	q-value	Overlap	Query_consensus	Target_consensus	Orientation
0404_8562_2.4617_0.2680	MA0068.1	-79	2.93851e-11	2.97083e-08	5.84436e-08	30	TTATATATAATATATAATTAATTATTAATTAATAATTAATAATTAATAAAAAAAAAAAAAAAAAAAAAAAAAAAAATATAATTAAAAAAAAAAAACAAAAAAAAACAAAATAATAATAATATTTATTTATATTTAATATTTTAT	GAAAAATTTCCCATACTCCACTCCCCCCCC	+
0404_8562_2.4617_0.2680	MA0910.1	-25	1.67734e-06	0.00169579	0.00111201	17	TTATATATAATATATAATTAATTATTAATTAATAATTAATAATTAATAAAAAAAAAAAAAAAAAAAAAAAAAAAAATATAATTAAAAAAAAAAAACAAAAAAAAACAAAATAATAATAATATTTATTTATATTTAATATTTTAT	TAGCCATTAATTAATTA	-
0404_8562_2.4617_0.2680	MA0791.1	-23	8.45435e-06	0.00854735	0.00280246	16	TTATATATAATATATAATTAATTATTAATTAATAATTAATAATTAATAAAAAAAAAAAAAAAAAAAAAAAAAAAAATATAATTAAAAAAAAAAAACAAAAAAAAACAAAATAATAATAATATTTATTTATATTTAATATTTTAT	ATGCATAATTAATGAG	+
0404_8562_2.4617_0.2680	MA0790.1	-22	1.10485e-05	0.01117	0.00313916	14	TTATATATAATATATAATTAATTATTAATTAATAATTAATAATTAATAAAAAAAAAAAAAAAAAAAAAAAAAAAAATATAATTAAAAAAAAAAAACAAAAAAAAACAAAATAATAATAATATTTATTTATATTTAATATTTTAT	CATTAATTATTCAT	-
0404_8562_2.4617_0.2680	MA0601.1	-21	8.61827e-05	0.0871307	0.0190453	11	TTATATATAATATATAATTAATTATTAATTAATAATTAATAATTAATAAAAAAAAAAAAAAAAAAAAAAAAAAAAATATAATTAAAAAAAAAAAACAAAAAAAAACAAAATAATAATAATATTTATTTATATTTAATATTTTAT	ATATTAATTAA	+
0404_8562_2.4617_0.2680	MA0046.2	-22	0.000116132	0.11741	0.0225259	15	TTATATATAATATATAATTAATTATTAATTAATAATTAATAATTAATAAAAAAAAAAAAAAAAAAAAAAAAAAAAATATAATTAAAAAAAAAAAACAAAAAAAAACAAAATAATAATAATATTTATTTATATTTAATATTTTAT	AGTTAATCATTAACT	-
0404_8562_2.4617_0.2680	MA0679.2	-22	0.000220973	0.223404	0.0338071	16	TTATATATAATATATAATTAATTATTAATTAATAATTAATAATTAATAAAAAAAAAAAAAAAAAAAAAAAAAAAAATATAATTAAAAAAAAAAAACAAAAAAAAACAAAATAATAATAATATTTATTTATATTTAATATTTTAT	AAAAAATCAATAAATA	+
0404_8562_2.4617_0.2680	MA0703.1	-24	0.000401162	0.405575	0.0569905	8	TTATATATAATATATAATTAATTATTAATTAATAATTAATAATTAATAAAAAAAAAAAAAAAAAAAAAAAAAAAAATATAATTAAAAAAAAAAAACAAAAAAAAACAAAATAATAATAATATTTATTTATATTTAATATTTTAT	TTAATTAA	+
0404_8562_2.4617_0.2680	MA0681.2	-21	0.00144077	1.45662	0.179096	16	TTATATATAATATATAATTAATTATTAATTAATAATTAATAATTAATAAAAAAAAAAAAAAAAAAAAAAAAAAAAATATAATTAAAAAAAAAAAACAAAAAAAAACAAAATAATAATAATATTTATTTATATTTAATATTTTAT	ATATAATTTGATTAAA	-
0404_8562_2.4617_0.2680	MA0702.1	-24	0.00173717	1.75628	0.181844	8	TTATATATAATATATAATTAATTATTAATTAATAATTAATAATTAATAAAAAAAAAAAAAAAAAAAAAAAAAAAAATATAATTAAAAAAAAAAAACAAAAAAAAACAAAATAATAATAATATTTATTTATATTTAATATTTTAT	TTAATTAA	+
0404_8562_2.4617_0.2680	MA1640.1	-23	0.00207666	2.0995	0.206512	15	TTATATATAATATATAATTAATTATTAATTAATAATTAATAATTAATAAAAAAAAAAAAAAAAAAAAAAAAAAAAATATAATTAAAAAAAAAAAACAAAAAAAAACAAAATAATAATAATATTTATTTATATTTAATATTTTAT	AGCCATAAATCATTT	-
0404_8562_2.4617_0.2680	MA0135.1	-21	0.0024303	2.45704	0.230172	13	TTATATATAATATATAATTAATTATTAATTAATAATTAATAATTAATAAAAAAAAAAAAAAAAAAAAAAAAAAAAATATAATTAAAAAAAAAAAACAAAAAAAAACAAAATAATAATAATATTTATTTATATTTAATATTTTAT	AAATTAATTAATC	+
0404_8562_2.4617_0.2680	MA0495.2	-21	0.00307665	3.11049	0.244764	21	TTATATATAATATATAATTAATTATTAATTAATAATTAATAATTAATAAAAAAAAAAAAAAAAAAAAAAAAAAAAATATAATTAAAAAAAAAAAACAAAAAAAAACAAAATAATAATAATATTTATTTATATTTAATATTTTAT	AATTTGCTGAGTCAGCAAATT	+
0404_8562_2.4617_0.2680	MA0893.1	-23	0.00357759	3.61694	0.254587	10	TTATATATAATATATAATTAATTATTAATTAATAATTAATAATTAATAAAAAAAAAAAAAAAAAAAAAAAAAAAAATATAATTAAAAAAAAAAAACAAAAAAAAACAAAATAATAATAATATTTATTTATATTTAATATTTTAT	TTTAATTAGT	-
0404_8562_2.4617_0.2680	MA0046.1	-23	0.00384674	3.88905	0.254587	14	TTATATATAATATATAATTAATTATTAATTAATAATTAATAATTAATAAAAAAAAAAAAAAAAAAAAAAAAAAAAATATAATTAAAAAAAAAAAACAAAAAAAAACAAAATAATAATAATATTTATTTATATTTAATATTTTAT	GTTAATTATTAACC	-
0404_8562_2.4617_0.2680	MA0628.1	-23	0.00396815	4.0118	0.254587	10	TTATATATAATATATAATTAATTATTAATTAATAATTAATAATTAATAAAAAAAAAAAAAAAAAAAAAAAAAAAAATATAATTAAAAAAAAAAAACAAAAAAAAACAAAATAATAATAATATTTATTTATATTTAATATTTTAT	ATTAATTAAT	+
0404_8562_2.4617_0.2680	MA0706.1	-23	0.00396815	4.0118	0.254587	10	TTATATATAATATATAATTAATTATTAATTAATAATTAATAATTAATAAAAAAAAAAAAAAAAAAAAAAAAAAAAATATAATTAAAAAAAAAAAACAAAAAAAAACAAAATAATAATAATATTTATTTATATTTAATATTTTAT	AGTAATTAAC	+
0404_8562_2.4617_0.2680	MA0854.1	-20	0.00423519	4.28178	0.259564	17	TTATATATAATATATAATTAATTATTAATTAATAATTAATAATTAATAAAAAAAAAAAAAAAAAAAAAAAAAAAAATATAATTAAAAAAAAAAAACAAAAAAAAACAAAATAATAATAATATTTATTTATATTTAATATTTTAT	CGAATTAATTAATCACC	+
0404_8562_2.4617_0.2680	MA0153.2	-23	0.00456775	4.618	0.259564	13	TTATATATAATATATAATTAATTATTAATTAATAATTAATAATTAATAAAAAAAAAAAAAAAAAAAAAAAAAAAAATATAATTAAAAAAAAAAAACAAAAAAAAACAAAATAATAATAATATTTATTTATATTTAATATTTTAT	GTTAATGATTAAC	+
0404_8562_2.4617_0.2680	MA0892.1	-23	0.00539211	5.45142	0.295295	10	TTATATATAATATATAATTAATTATTAATTAATAATTAATAATTAATAAAAAAAAAAAAAAAAAAAAAAAAAAAAATATAATTAAAAAAAAAAAACAAAAAAAAACAAAATAATAATAATATTTATTTATATTTAATATTTTAT	TTTAATTAGG	-
0404_8562_2.4617_0.2680	MA0615.1	-96	0.0057477	5.81092	0.295295	17	TTATATATAATATATAATTAATTATTAATTAATAATTAATAATTAATAAAAAAAAAAAAAAAAAAAAAAAAAAAAATATAATTAAAAAAAAAAAACAAAAAAAAACAAAATAATAATAATATTTATTTATATTTAATATTTTAT	GAGTGTACGTAAGATGG	+
0404_8562_2.4617_0.2680	MA0722.1	-24	0.0058186	5.88261	0.295295	8	TTATATATAATATATAATTAATTATTAATTAATAATTAATAATTAATAAAAAAAAAAAAAAAAAAAAAAAAAAAAATATAATTAAAAAAAAAAAACAAAAAAAAACAAAATAATAATAATATTTATTTATATTTAATATTTTAT	CTAATTAC	+
0404_8562_2.4617_0.2680	MA0707.1	-23	0.00596416	6.02977	0.295295	10	TTATATATAATATATAATTAATTATTAATTAATAATTAATAATTAATAAAAAAAAAAAAAAAAAAAAAAAAAAAAATATAATTAAAAAAAAAAAACAAAAAAAAACAAAATAATAATAATATTTATTTATATTTAATATTTTAT	GGTAATTAAA	+
0404_8562_2.4617_0.2680	MA0879.1	-23	0.00659241	6.66493	0.295295	10	TTATATATAATATATAATTAATTATTAATTAATAATTAATAATTAATAAAAAAAAAAAAAAAAAAAAAAAAAAAAATATAATTAAAAAAAAAAAACAAAAAAAAACAAAATAATAATAATATTTATTTATATTTAATATTTTAT	CCTAATTATC	+
0404_8562_2.4617_0.2680	MA0675.1	-24	0.00731942	7.39994	0.316468	8	TTATATATAATATATAATTAATTATTAATTAATAATTAATAATTAATAAAAAAAAAAAAAAAAAAAAAAAAAAAAATATAATTAAAAAAAAAAAACAAAAAAAAACAAAATAATAATAATATTTATTTATATTTAATATTTTAT	TTAATTAG	-
0404_8562_2.4617_0.2680	MA1142.1	-26	0.00803807	8.12649	0.333282	10	TTATATATAATATATAATTAATTATTAATTAATAATTAATAATTAATAAAAAAAAAAAAAAAAAAAAAAAAAAAAATATAATTAAAAAAAAAAAACAAAAAAAAACAAAATAATAATAATATTTATTTATATTTAATATTTTAT	GATGACTCAT	+
0404_8562_2.4617_0.2680	MA0704.1	-24	0.00819747	8.28764	0.333282	8	TTATATATAATATATAATTAATTATTAATTAATAATTAATAATTAATAAAAAAAAAAAAAAAAAAAAAAAAAAAAATATAATTAAAAAAAAAAAACAAAAAAAAACAAAATAATAATAATATTTATTTATATTTAATATTTTAT	TTAATTAA	+
0404_8562_2.4617_0.2680	MA0853.1	-19	0.00835076	8.44261	0.333282	17	TTATATATAATATATAATTAATTATTAATTAATAATTAATAATTAATAAAAAAAAAAAAAAAAAAAAAAAAAAAAATATAATTAAAAAAAAAAAACAAAAAAAAACAAAATAATAATAATATTTATTTATATTTAATATTTTAT	GGTAATTAATTAATGCG	-
0404_8562_2.4617_0.2680	MA1137.1	-25	0.00837859	8.47075	0.333282	13	TTATATATAATATATAATTAATTATTAATTAATAATTAATAATTAATAAAAAAAAAAAAAAAAAAAAAAAAAAAAATATAATTAAAAAAAAAAAACAAAAAAAAACAAAATAATAATAATATTTATTTATATTTAATATTTTAT	TGATGACTCATAC	+
0404_8562_2.4617_0.2680	MA0898.1	-19	0.00898878	9.08766	0.349998	17	TTATATATAATATATAATTAATTATTAATTAATAATTAATAATTAATAAAAAAAAAAAAAAAAAAAAAAAAAAAAATATAATTAAAAAAAAAAAACAAAAAAAAACAAAATAATAATAATATTTATTTATATTTAATATTTTAT	ATTCTTTAATTGCTTGT	-
0404_8562_2.4617_0.2680	MA0659.1	-21	0.00915078	9.25144	0.349998	21	TTATATATAATATATAATTAATTATTAATTAATAATTAATAATTAATAAAAAAAAAAAAAAAAAAAAAAAAAAAAATATAATTAAAAAAAAAAAACAAAAAAAAACAAAATAATAATAATATTTATTTATATTTAATATTTTAT	AAATTGCTGAGTCAGCATATT	+
0404_8562_2.4617_0.2680	MA0662.1	-23	0.00977446	9.88198	0.366798	10	TTATATATAATATATAATTAATTATTAATTAATAATTAATAATTAATAAAAAAAAAAAAAAAAAAAAAAAAAAAAATATAATTAAAAAAAAAAAACAAAAAAAAACAAAATAATAATAATATTTATTTATATTTAATATTTTAT	TCTAATTAAC	+
0404_8562_2.4617_0.2680	MA0721.1	-24	0.0114508	11.5768	0.390141	8	TTATATATAATATATAATTAATTATTAATTAATAATTAATAATTAATAAAAAAAAAAAAAAAAAAAAAAAAAAAAATATAATTAAAAAAAAAAAACAAAAAAAAACAAAATAATAATAATATTTATTTATATTTAATATTTTAT	CTAATTAA	+
0404_8562_2.4617_0.2680	MA0495.1	-19	0.0115735	11.7008	0.390141	18	TTATATATAATATATAATTAATTATTAATTAATAATTAATAATTAATAAAAAAAAAAAAAAAAAAAAAAAAAAAAATATAATTAAAAAAAAAAAACAAAAAAAAACAAAATAATAATAATATTTATTTATATTTAATATTTTAT	AAAAATTGCTGACTCAGC	-
0404_8562_2.4617_0.2680	MA0874.1	-20	0.0120234	12.1557	0.392021	17	TTATATATAATATATAATTAATTATTAATTAATAATTAATAATTAATAAAAAAAAAAAAAAAAAAAAAAAAAAAAATATAATTAAAAAAAAAAAACAAAAAAAAACAAAATAATAATAATATTTATTTATATTTAATATTTTAT	TCCATTAATTAATGGAC	-
0404_8562_2.4617_0.2680	MA0723.1	-24	0.0142428	14.3995	0.44559	8	TTATATATAATATATAATTAATTATTAATTAATAATTAATAATTAATAAAAAAAAAAAAAAAAAAAAAAAAAAAAATATAATTAAAAAAAAAAAACAAAAAAAAACAAAATAATAATAATATTTATTTATATTTAATATTTTAT	CTAATTAC	+
0404_8562_2.4617_0.2680	MA0612.1	-23	0.0172975	17.4877	0.491468	10	TTATATATAATATATAATTAATTATTAATTAATAATTAATAATTAATAAAAAAAAAAAAAAAAAAAAAAAAAAAAATATAATTAAAAAAAAAAAACAAAAAAAAACAAAATAATAATAATATTTATTTATATTTAATATTTTAT	CCTAATTACC	+
0404_8562_2.4617_0.2680	MA0902.1	-23	0.0172975	17.4877	0.491468	10	TTATATATAATATATAATTAATTATTAATTAATAATTAATAATTAATAAAAAAAAAAAAAAAAAAAAAAAAAAAAATATAATTAAAAAAAAAAAACAAAAAAAAACAAAATAATAATAATATTTATTTATATTTAATATTTTAT	AGTAATTAAC	+
0404_8562_2.4617_0.2680	MA1639.1	-26	0.0176464	17.8405	0.49432	13	TTATATATAATATATAATTAATTATTAATTAATAATTAATAATTAATAAAAAAAAAAAAAAAAAAAAAAAAAAAAATATAATTAAAAAAAAAAAACAAAAAAAAACAAAATAATAATAATATTTATTTATATTTAATATTTTAT	AATGATTGATGAC	-

# Tomtom (Motif Comparison Tool): Version 5.1.0 compiled on Oct  9 2020 at 08:11:46
# The format of this file is described at http://meme-suite.org//doc/tomtom-output-format.html.
# tomtom -no-ssc -o result/x0404/x0404.out result/x0404/x0404.meme ../../JASPAR2020.txt
