Query_ID	Target_ID	Optimal_offset	p-value	E-value	q-value	Overlap	Query_consensus	Target_consensus	Orientation
1117_0_0.0000_0.0000	MA0068.1	-9	7.10062e-07	0.000717873	0.000717873	30	AAAAAAAAAAAAAAAAAAAAAAAAAAAAAAAAAAAAAAA	GAAAAATTTCCCATACTCCACTCCCCCCCC	+

# Tomtom (Motif Comparison Tool): Version 5.1.0 compiled on Oct  9 2020 at 08:11:46
# The format of this file is described at http://meme-suite.org//doc/tomtom-output-format.html.
# tomtom -no-ssc -thresh 0.01 -o result/x1117/x1117.out result/x1117/x1117.meme ../../../JASPAR2020.txt
