Query_ID	Target_ID	Optimal_offset	p-value	E-value	q-value	Overlap	Query_consensus	Target_consensus	Orientation
9192_3171_20.2816_13.8241	MA0139.1	-93	1.05295e-10	1.06453e-07	2.12494e-07	19	GGCGGCCGCCCCCCCCCCCCCCCGGGGGGGGGCGCGCCCCCCCGGGCCCCCGGGGGGGCGCTAGCGCCCCCTAGTGGCCACTAGGGGGCGCTATAGCGCCCCCTAGTGGCCACTAGGGGGCGCTATAGCGCCCCCTAGGGGCCACTAGGGGGCGCTGCAGGCG	TAGCGCCCCCTGGTGGCCA	-
9192_3171_20.2816_13.8241	MA1102.1	-94	3.03699e-06	0.0030704	0.00204297	14	GGCGGCCGCCCCCCCCCCCCCCCGGGGGGGGGCGCGCCCCCCCGGGCCCCCGGGGGGGCGCTAGCGCCCCCTAGTGGCCACTAGGGGGCGCTATAGCGCCCCCTAGTGGCCACTAGGGGGCGCTATAGCGCCCCCTAGGGGCCACTAGGGGGCGCTGCAGGCG	GGTGCCCCCTGGTG	-

# Tomtom (Motif Comparison Tool): Version 5.1.0 compiled on Oct  9 2020 at 08:11:46
# The format of this file is described at http://meme-suite.org//doc/tomtom-output-format.html.
# tomtom -no-ssc -thresh 0.01 -o result/x08040/x08040.out result/x08040/x08040.meme ../../../JASPAR2020.txt
