Query_ID	Target_ID	Optimal_offset	p-value	E-value	q-value	Overlap	Query_consensus	Target_consensus	Orientation
0190_2574_21.5954_21.2946	MA0139.1	-43	2.35075e-12	2.3766e-09	4.74638e-09	19	GGGGGGCGCCCGCCCCGGAGGTTTTTTTTATATTTTGGGGCAACAGCGCCCCCTAGTGGTCAAAATAAAAAATATTATTTTTTTTTTTATTTGTAACTGCGGGGGGGGGGGG	TAGCGCCCCCTGGTGGCCA	-
0190_2574_21.5954_21.2946	MA0068.1	-5	2.502e-07	0.000252952	0.000252589	30	GGGGGGCGCCCGCCCCGGAGGTTTTTTTTATATTTTGGGGCAACAGCGCCCCCTAGTGGTCAAAATAAAAAATATTATTTTTTTTTTTATTTGTAACTGCGGGGGGGGGGGG	GGGGGGGGAGTGGAGTATTGGAAATTTTTC	-
0190_2574_21.5954_21.2946	MA1102.1	-44	1.89979e-05	0.0192069	0.00958965	14	GGGGGGCGCCCGCCCCGGAGGTTTTTTTTATATTTTGGGGCAACAGCGCCCCCTAGTGGTCAAAATAAAAAATATTATTTTTTTTTTTATTTGTAACTGCGGGGGGGGGGGG	GGTGCCCCCTGGTG	-
0190_2574_21.5954_21.2946	MA1102.2	-45	0.000297752	0.301027	0.120238	12	GGGGGGCGCCCGCCCCGGAGGTTTTTTTTATATTTTGGGGCAACAGCGCCCCCTAGTGGTCAAAATAAAAAATATTATTTTTTTTTTTATTTGTAACTGCGGGGGGGGGGGG	GCGCCCCCTGCT	-
0190_2574_21.5954_21.2946	MA0079.1	-42	0.00088834	0.898112	0.298941	10	GGGGGGCGCCCGCCCCGGAGGTTTTTTTTATATTTTGGGGCAACAGCGCCCCCTAGTGGTCAAAATAAAAAATATTATTTTTTTTTTTATTTGTAACTGCGGGGGGGGGGGG	ACCCCGCCCC	-
0190_2574_21.5954_21.2946	MA1564.1	-42	0.00149747	1.51394	0.382689	12	GGGGGGCGCCCGCCCCGGAGGTTTTTTTTATATTTTGGGGCAACAGCGCCCCCTAGTGGTCAAAATAAAAAATATTATTTTTTTTTTTATTTGTAACTGCGGGGGGGGGGGG	GCCACGCCCCCC	+
0190_2574_21.5954_21.2946	MA0751.1	-44	0.00151628	1.53296	0.382689	15	GGGGGGCGCCCGCCCCGGAGGTTTTTTTTATATTTTGGGGCAACAGCGCCCCCTAGTGGTCAAAATAAAAAATATTATTTTTTTTTTTATTTGTAACTGCGGGGGGGGGGGG	GACCCCCCGCTGTGC	+
0190_2574_21.5954_21.2946	MA0747.1	-42	0.00200124	2.02325	0.448965	12	GGGGGGCGCCCGCCCCGGAGGTTTTTTTTATATTTTGGGGCAACAGCGCCCCCTAGTGGTCAAAATAAAAAATATTATTTTTTTTTTTATTTGTAACTGCGGGGGGGGGGGG	GCCACGCCCACT	+

# Tomtom (Motif Comparison Tool): Version 5.1.0 compiled on Oct  9 2020 at 08:11:46
# The format of this file is described at http://meme-suite.org//doc/tomtom-output-format.html.
# tomtom -no-ssc -o result/x0190/x0190.out result/x0190/x0190.meme ../../JASPAR2020.txt
