Query_ID	Target_ID	Optimal_offset	p-value	E-value	q-value	Overlap	Query_consensus	Target_consensus	Orientation
7896_1689_14.9066_8.2724	MA0139.1	-92	2.10034e-17	2.12344e-14	4.24689e-14	19	GGGGGGGGGCCTCCCCCCCCCCGGGGGGGGGGCGCCCCCGCCCCAGCTGGCCCACAGCGCCCCCTGGGGGCCGGCCCGGGCACAGGGGGCACTAGCGCCACCTAGTGGCCAAAAGGGGAACTGCACCCCCGGGGGGGGGGGGGG	TAGCGCCCCCTGGTGGCCA	-
7896_1689_14.9066_8.2724	MA1102.1	-93	7.89559e-06	0.00798244	0.00798244	14	GGGGGGGGGCCTCCCCCCCCCCGGGGGGGGGGCGCCCCCGCCCCAGCTGGCCCACAGCGCCCCCTGGGGGCCGGCCCGGGCACAGGGGGCACTAGCGCCACCTAGTGGCCAAAAGGGGAACTGCACCCCCGGGGGGGGGGGGGG	GGTGCCCCCTGGTG	-
7896_1689_14.9066_8.2724	MA1102.2	-94	0.000150559	0.152216	0.0812917	12	GGGGGGGGGCCTCCCCCCCCCCGGGGGGGGGGCGCCCCCGCCCCAGCTGGCCCACAGCGCCCCCTGGGGGCCGGCCCGGGCACAGGGGGCACTAGCGCCACCTAGTGGCCAAAAGGGGAACTGCACCCCCGGGGGGGGGGGGGG	GCGCCCCCTGCT	-
7896_1689_14.9066_8.2724	MA0068.1	-33	0.000160814	0.162583	0.0812917	30	GGGGGGGGGCCTCCCCCCCCCCGGGGGGGGGGCGCCCCCGCCCCAGCTGGCCCACAGCGCCCCCTGGGGGCCGGCCCGGGCACAGGGGGCACTAGCGCCACCTAGTGGCCAAAAGGGGAACTGCACCCCCGGGGGGGGGGGGGG	GAAAAATTTCCCATACTCCACTCCCCCCCC	+

# Tomtom (Motif Comparison Tool): Version 5.1.0 compiled on Oct  9 2020 at 08:11:46
# The format of this file is described at http://meme-suite.org//doc/tomtom-output-format.html.
# tomtom -no-ssc -o result/x7896/x7896.out result/x7896/x7896.meme ../../JASPAR2020.txt
