Query_ID	Target_ID	Optimal_offset	p-value	E-value	q-value	Overlap	Query_consensus	Target_consensus	Orientation
0471_14724_5.1450_1.8162	MA0068.1	-2	3.04644e-06	0.00307995	0.00550281	30	GGGGGGCGCCCGGGGCCCGGGGGCCCAGGGGCCCCATGGCCCCGGGGCCCCCCGGGGGCCCGGGGGGGGGGG	GGGGGGGGAGTGGAGTATTGGAAATTTTTC	-
0471_14724_5.1450_1.8162	MA0112.2	-20	0.000195624	0.197776	0.131399	20	GGGGGGCGCCCGGGGCCCGGGGGCCCAGGGGCCCCATGGCCCCGGGGCCCCCCGGGGGCCCGGGGGGGGGGG	AGGTCAGGGTGACCTGGGCC	-
0471_14724_5.1450_1.8162	MA1548.1	-27	0.000399125	0.403515	0.201067	10	GGGGGGCGCCCGGGGCCCGGGGGCCCAGGGGCCCCATGGCCCCGGGGCCCCCCGGGGGCCCGGGGGGGGGGG	TGGGCCCCCT	+
0471_14724_5.1450_1.8162	MA0258.1	-18	0.000613665	0.620415	0.206097	18	GGGGGGCGCCCGGGGCCCGGGGGCCCAGGGGCCCCATGGCCCCGGGGCCCCCCGGGGGCCCGGGGGGGGGGG	CAAGGTCACGGTGACCTG	+
0471_14724_5.1450_1.8162	MA0258.2	-20	0.00139825	1.41363	0.261983	15	GGGGGGCGCCCGGGGCCCGGGGGCCCAGGGGCCCCATGGCCCCGGGGCCCCCCGGGGGCCCGGGGGGGGGGG	AGGTCAGGGTGACCT	-
0471_14724_5.1450_1.8162	MA0112.1	-19	0.00140489	1.42035	0.261983	18	GGGGGGCGCCCGGGGCCCGGGGGCCCAGGGGCCCCATGGCCCCGGGGCCCCCCGGGGGCCCGGGGGGGGGGG	GGGGTCACGGTGACCTGG	-
0471_14724_5.1450_1.8162	MA1615.1	-26	0.00143013	1.44586	0.261983	13	GGGGGGCGCCCGGGGCCCGGGGGCCCAGGGGCCCCATGGCCCCGGGGCCCCCCGGGGGCCCGGGGGGGGGGG	CCTGGCCCCAGGG	-
0471_14724_5.1450_1.8162	MA0494.1	-16	0.00209685	2.11991	0.352109	19	GGGGGGCGCCCGGGGCCCGGGGGCCCAGGGGCCCCATGGCCCCGGGGCCCCCCGGGGGCCCGGGGGGGGGGG	CAGAGGTTACTTTAGGTCA	-
0471_14724_5.1450_1.8162	MA0615.1	-51	0.00275057	2.78082	0.3959	17	GGGGGGCGCCCGGGGCCCGGGGGCCCAGGGGCCCCATGGCCCCGGGGCCCCCCGGGGGCCCGGGGGGGGGGG	GAGTGTACGTAAGATGG	+
0471_14724_5.1450_1.8162	MA0007.1	-16	0.00353711	3.57602	0.47517	22	GGGGGGCGCCCGGGGCCCGGGGGCCCAGGGGCCCCATGGCCCCGGGGCCCCCCGGGGGCCCGGGGGGGGGGG	GGCGGGTACAGGGTGTTCTTAT	-

# Tomtom (Motif Comparison Tool): Version 5.1.0 compiled on Oct  9 2020 at 08:11:46
# The format of this file is described at http://meme-suite.org//doc/tomtom-output-format.html.
# tomtom -no-ssc -o result/x0471/x0471.out result/x0471/x0471.meme ../../JASPAR2020.txt
