Query_ID	Target_ID	Optimal_offset	p-value	E-value	q-value	Overlap	Query_consensus	Target_consensus	Orientation
5751_6716_17.7015_8.3476	MA0139.1	-21	1.75863e-17	1.77798e-14	3.55085e-14	19	GCGGGGGCGCAATCCCTCTTTTGACCACTAGGTGGCGCTATAGCCCCAAATATAAAAAAAAAAAAAATTTATAAATTAAATATTAAAAATTTTTGGGGCCGCCCCAAAAAGAAATGAAATCACACTGCCCCCGCGGGGGGGCCC	TGGCCACCAGGGGGCGCTA	+
5751_6716_17.7015_8.3476	MA0068.1	-75	7.86934e-08	7.9559e-05	7.94447e-05	30	GCGGGGGCGCAATCCCTCTTTTGACCACTAGGTGGCGCTATAGCCCCAAATATAAAAAAAAAAAAAATTTATAAATTAAATATTAAAAATTTTTGGGGCCGCCCCAAAAAGAAATGAAATCACACTGCCCCCGCGGGGGGGCCC	GAAAAATTTCCCATACTCCACTCCCCCCCC	+
5751_6716_17.7015_8.3476	MA1102.1	-25	3.19987e-07	0.000323507	0.000215361	14	GCGGGGGCGCAATCCCTCTTTTGACCACTAGGTGGCGCTATAGCCCCAAATATAAAAAAAAAAAAAATTTATAAATTAAATATTAAAAATTTTTGGGGCCGCCCCAAAAAGAAATGAAATCACACTGCCCCCGCGGGGGGGCCC	CACCAGGGGGCACC	+
5751_6716_17.7015_8.3476	MA1102.2	-26	6.47475e-06	0.00654597	0.00261463	12	GCGGGGGCGCAATCCCTCTTTTGACCACTAGGTGGCGCTATAGCCCCAAATATAAAAAAAAAAAAAATTTATAAATTAAATATTAAAAATTTTTGGGGCCGCCCCAAAAAGAAATGAAATCACACTGCCCCCGCGGGGGGGCCC	AGCAGGGGGCGC	+
5751_6716_17.7015_8.3476	MA1149.1	-21	0.00123417	1.24775	0.411628	18	GCGGGGGCGCAATCCCTCTTTTGACCACTAGGTGGCGCTATAGCCCCAAATATAAAAAAAAAAAAAATTTATAAATTAAATATTAAAAATTTTTGGGGCCGCCCCAAAAAGAAATGAAATCACACTGCCCCCGCGGGGGGGCCC	TGACCTCTACATGACCTC	-
5751_6716_17.7015_8.3476	MA0751.1	-22	0.00150642	1.52299	0.411628	15	GCGGGGGCGCAATCCCTCTTTTGACCACTAGGTGGCGCTATAGCCCCAAATATAAAAAAAAAAAAAATTTATAAATTAAATATTAAAAATTTTTGGGGCCGCCCCAAAAAGAAATGAAATCACACTGCCCCCGCGGGGGGGCCC	GCACAGCGGGGGGTC	-
5751_6716_17.7015_8.3476	MA0116.1	-21	0.00163094	1.64888	0.411628	15	GCGGGGGCGCAATCCCTCTTTTGACCACTAGGTGGCGCTATAGCCCCAAATATAAAAAAAAAAAAAATTTATAAATTAAATATTAAAAATTTTTGGGGCCGCCCCAAAAAGAAATGAAATCACACTGCCCCCGCGGGGGGGCCC	GCACCCCTGGGTGCC	-

# Tomtom (Motif Comparison Tool): Version 5.1.0 compiled on Oct  9 2020 at 08:11:46
# The format of this file is described at http://meme-suite.org//doc/tomtom-output-format.html.
# tomtom -no-ssc -o result/x5751/x5751.out result/x5751/x5751.meme ../../JASPAR2020.txt
