Query_ID	Target_ID	Optimal_offset	p-value	E-value	q-value	Overlap	Query_consensus	Target_consensus	Orientation
1920_4939_8.7124_4.3639	MA0068.1	0	5.71872e-06	0.00578163	0.00953425	30	GGGGGCGGGGCGCGGCGGCCGCCGCCCCGGCGGCGGCCGGCCAGGATGGGGGCCCCCCAAAAACTTGGGGGG	GGGGGGGGAGTGGAGTATTGGAAATTTTTC	-
1920_4939_8.7124_4.3639	MA1548.1	-48	0.000117041	0.118329	0.0787725	10	GGGGGCGGGGCGCGGCGGCCGCCGCCCCGGCGGCGGCCGGCCAGGATGGGGGCCCCCCAAAAACTTGGGGGG	TGGGCCCCCT	+
1920_4939_8.7124_4.3639	MA1578.1	-52	0.000194799	0.196942	0.0983295	10	GGGGGCGGGGCGCGGCGGCCGCCGCCCCGGCGGCGGCCGGCCAGGATGGGGGCCCCCCAAAAACTTGGGGGG	CCCCCCACTT	+
1920_4939_8.7124_4.3639	MA0695.1	-49	0.000383568	0.387788	0.154892	12	GGGGGCGGGGCGCGGCGGCCGCCGCCCCGGCGGCGGCCGGCCAGGATGGGGGCCCCCCAAAAACTTGGGGGG	GCGACCACCGAA	+
1920_4939_8.7124_4.3639	MA0751.1	-50	0.000849881	0.85923	0.285999	15	GGGGGCGGGGCGCGGCGGCCGCCGCCCCGGCGGCGGCCGGCCAGGATGGGGGCCCCCCAAAAACTTGGGGGG	GACCCCCCGCTGTGC	+
1920_4939_8.7124_4.3639	MA1579.1	-51	0.00115161	1.16427	0.332172	15	GGGGGCGGGGCGCGGCGGCCGCCGCCCCGGCGGCGGCCGGCCAGGATGGGGGCCCCCCAAAAACTTGGGGGG	TACTCCAGAAAAGAT	+
1920_4939_8.7124_4.3639	MA0736.1	-50	0.00159305	1.61057	0.402064	14	GGGGGCGGGGCGCGGCGGCCGCCGCCCCGGCGGCGGCCGGCCAGGATGGGGGCCCCCCAAAAACTTGGGGGG	GACCCCCCGCGAAG	+
1920_4939_8.7124_4.3639	MA0753.1	-51	0.00259932	2.62791	0.46628	10	GGGGGCGGGGCGCGGCGGCCGCCGCCCCGGCGGCGGCCGGCCAGGATGGGGGCCCCCCAAAAACTTGGGGGG	CCCCCCCCAC	+
1920_4939_8.7124_4.3639	MA0694.1	-49	0.00275561	2.78592	0.46628	12	GGGGGCGGGGCGCGGCGGCCGCCGCCCCGGCGGCGGCCGGCCAGGATGGGGGCCCCCCAAAAACTTGGGGGG	GCGACCACCGAA	+
1920_4939_8.7124_4.3639	MA0155.1	-50	0.00275561	2.78592	0.46628	12	GGGGGCGGGGCGCGGCGGCCGCCGCCCCGGCGGCGGCCGGCCAGGATGGGGGCCCCCCAAAAACTTGGGGGG	CGCCCCCTGACA	-
1920_4939_8.7124_4.3639	MA1117.1	-48	0.00277122	2.80171	0.46628	11	GGGGGCGGGGCGCGGCGGCCGCCGCCCCGGCGGCGGCCGGCCAGGATGGGGGCCCCCCAAAAACTTGGGGGG	GAATTCCCCGG	+

# Tomtom (Motif Comparison Tool): Version 5.1.0 compiled on Oct  9 2020 at 08:11:46
# The format of this file is described at http://meme-suite.org//doc/tomtom-output-format.html.
# tomtom -no-ssc -o result/x1920/x1920.out result/x1920/x1920.meme ../../JASPAR2020.txt
