Query_ID	Target_ID	Optimal_offset	p-value	E-value	q-value	Overlap	Query_consensus	Target_consensus	Orientation
1097_7305_10.1448_6.4738	MA0068.1	-8	1.02493e-07	0.00010362	0.000161462	30	GCCGGGGGCCGCGAGGACGCCACACCCACATAGACTTGGGACCGTGCCAAAATTTATATTGTAGTTAGGTGG	GGGGGGGGAGTGGAGTATTGGAAATTTTTC	-
1097_7305_10.1448_6.4738	MA1528.1	-34	1.3569e-05	0.0137182	0.0091278	17	GCCGGGGGCCGCGAGGACGCCACACCCACATAGACTTGGGACCGTGCCAAAATTTATATTGTAGTTAGGTGG	CCTGGCACCGTGCCAAC	-
1097_7305_10.1448_6.4738	MA1527.1	-34	6.94167e-05	0.0701803	0.0295363	17	GCCGGGGGCCGCGAGGACGCCACACCCACATAGACTTGGGACCGTGCCAAAATTTATATTGTAGTTAGGTGG	GTTGGCACCGTGCCAAC	-
1097_7305_10.1448_6.4738	MA0615.1	-10	8.43557e-05	0.0852836	0.0295363	17	GCCGGGGGCCGCGAGGACGCCACACCCACATAGACTTGGGACCGTGCCAAAATTTATATTGTAGTTAGGTGG	GAGTGTACGTAAGATGG	+
1097_7305_10.1448_6.4738	MA1643.1	-32	8.78145e-05	0.0887804	0.0295363	21	GCCGGGGGCCGCGAGGACGCCACACCCACATAGACTTGGGACCGTGCCAAAATTTATATTGTAGTTAGGTGG	TGCCTGGCATTGTGCCAAGCA	+
1097_7305_10.1448_6.4738	MA0114.1	-30	0.000258489	0.261333	0.0641098	13	GCCGGGGGCCGCGAGGACGCCACACCCACATAGACTTGGGACCGTGCCAAAATTTATATTGTAGTTAGGTGG	TGACCTTTGGCCT	-
1097_7305_10.1448_6.4738	MA0484.1	-30	0.00061833	0.625132	0.103987	15	GCCGGGGGCCGCGAGGACGCCACACCCACATAGACTTGGGACCGTGCCAAAATTTATATTGTAGTTAGGTGG	TGGACTTTGGACTCT	-
1097_7305_10.1448_6.4738	MA0114.2	-29	0.00201248	2.03462	0.312413	15	GCCGGGGGCCGCGAGGACGCCACACCCACATAGACTTGGGACCGTGCCAAAATTTATATTGTAGTTAGGTGG	CTGGACTTTGGACTC	+
1097_7305_10.1448_6.4738	MA0119.1	-36	0.00260812	2.63681	0.375958	14	GCCGGGGGCCGCGAGGACGCCACACCCACATAGACTTGGGACCGTGCCAAAATTTATATTGTAGTTAGGTGG	TGGCACCATGCCAA	+

# Tomtom (Motif Comparison Tool): Version 5.1.0 compiled on Oct  9 2020 at 08:11:46
# The format of this file is described at http://meme-suite.org//doc/tomtom-output-format.html.
# tomtom -no-ssc -o result/x1097/x1097.out result/x1097/x1097.meme ../../JASPAR2020.txt
