Query_ID	Target_ID	Optimal_offset	p-value	E-value	q-value	Overlap	Query_consensus	Target_consensus	Orientation
7383_5445_1.7547_1.1314	MA0528.1	-84	1.31507e-07	0.000132953	0.000265393	21	GTCGAAACCATACAGGTAGGATCTTAGGGATCCCGGATTCCAGGTATAGGGATCCCCCCCTAGGGATTAGGGTAGGATGGATAGGGAGGAGGTAGGAAGGGAGGGGAAGGATGAAGGTAGGAAGGATAGATAGGTAGCAGGGATACAGGTAGGATCGTAGTCA	GGAGGAGGAGGGGGAGGAGGA	+

# Tomtom (Motif Comparison Tool): Version 5.1.0 compiled on Oct  9 2020 at 08:11:46
# The format of this file is described at http://meme-suite.org//doc/tomtom-output-format.html.
# tomtom -no-ssc -thresh 0.01 -o result/x06423/x06423.out result/x06423/x06423.meme ../../../JASPAR2020.txt
