Query_ID	Target_ID	Optimal_offset	p-value	E-value	q-value	Overlap	Query_consensus	Target_consensus	Orientation
0405_12337_14.0725_11.6119	MA0068.1	1	1.67964e-07	0.000169812	0.000338967	29	GGCTTGCTTGGCCCAATGATAAAATCATCAGGTCACGTGACCGGGCGCCCGCGCGACCGCCCGCGAGACTTT	GGGGGGGGAGTGGAGTATTGGAAATTTTTC	-
0405_12337_14.0725_11.6119	MA0620.3	-27	2.85053e-05	0.0288189	0.0143816	18	GGCTTGCTTGGCCCAATGATAAAATCATCAGGTCACGTGACCGGGCGCCCGCGCGACCGCCCGCGAGACTTT	TAAAGTCACGTGACTTTA	+
0405_12337_14.0725_11.6119	MA0620.2	-27	6.66381e-05	0.0673711	0.0224136	18	GGCTTGCTTGGCCCAATGATAAAATCATCAGGTCACGTGACCGGGCGCCCGCGCGACCGCCCGCGAGACTTT	TAAGGTCACGTGACCTTA	+
0405_12337_14.0725_11.6119	MA0615.1	-5	0.000298486	0.301769	0.086053	17	GGCTTGCTTGGCCCAATGATAAAATCATCAGGTCACGTGACCGGGCGCCCGCGCGACCGCCCGCGAGACTTT	GAGTGTACGTAAGATGG	+
0405_12337_14.0725_11.6119	MA0526.2	-27	0.000877468	0.88712	0.196757	16	GGCTTGCTTGGCCCAATGATAAAATCATCAGGTCACGTGACCGGGCGCCCGCGCGACCGCCCGCGAGACTTT	CGGGGTCACGTGGCCC	+
0405_12337_14.0725_11.6119	MA0620.1	-30	0.00117329	1.1862	0.23678	10	GGCTTGCTTGGCCCAATGATAAAATCATCAGGTCACGTGACCGGGCGCCCGCGCGACCGCCCGCGAGACTTT	GGTCACGTGG	+
0405_12337_14.0725_11.6119	MA0616.1	-27	0.00200766	2.02975	0.36733	13	GGCTTGCTTGGCCCAATGATAAAATCATCAGGTCACGTGACCGGGCGCCCGCGCGACCGCCCGCGAGACTTT	TAACGACACGTGC	+

# Tomtom (Motif Comparison Tool): Version 5.1.0 compiled on Oct  9 2020 at 08:11:46
# The format of this file is described at http://meme-suite.org//doc/tomtom-output-format.html.
# tomtom -no-ssc -o result/x0405/x0405.out result/x0405/x0405.meme ../../JASPAR2020.txt
