<!DOCTYPE HTML>
<html>
  <head>
    <meta charset="UTF-8">
    <title>TOMTOM</title>
    <script>
      // @JSON_VAR data
      var data = {
        "program": "Tomtom",
        "version": "5.1.0",
        "release": "Fri Oct 11 15:53:28 2019 -0700",
        "cmd": [
          "tomtom", "-no-ssc", "-o", "result/x6800/x6800.out",
          "result/x6800/x6800.meme", "../../JASPAR2020.txt"
        ],
        "options": {
          "strands": "both",
          "distance_measure": "ed",
          "threshold_type": "qvalue",
          "threshold_value": 0.5,
          "background_source": "--query--"
        },
        "alphabet": {
          "name": "DNA",
          "like": "dna",
          "ncore": 4,
          "symbols": [
            {
              "symbol": "A",
              "name": "Adenine",
              "colour": "CC0000",
              "complement": "T"
            }, {
              "symbol": "C",
              "name": "Cytosine",
              "colour": "0000CC",
              "complement": "G"
            }, {
              "symbol": "G",
              "name": "Guanine",
              "colour": "FFB300",
              "complement": "C"
            }, {
              "symbol": "T",
              "aliases": "U",
              "name": "Thymine",
              "colour": "008000",
              "complement": "A"
            }, {
              "symbol": "N",
              "aliases": "X.",
              "name": "Any base",
              "equals": "ACGT"
            }, {
              "symbol": "V",
              "name": "Not T",
              "equals": "ACG"
            }, {
              "symbol": "H",
              "name": "Not G",
              "equals": "ACT"
            }, {
              "symbol": "D",
              "name": "Not C",
              "equals": "AGT"
            }, {
              "symbol": "B",
              "name": "Not A",
              "equals": "CGT"
            }, {
              "symbol": "M",
              "name": "Amino",
              "equals": "AC"
            }, {
              "symbol": "R",
              "name": "Purine",
              "equals": "AG"
            }, {
              "symbol": "W",
              "name": "Weak",
              "equals": "AT"
            }, {
              "symbol": "S",
              "name": "Strong",
              "equals": "CG"
            }, {
              "symbol": "Y",
              "name": "Pyrimidine",
              "equals": "CT"
            }, {
              "symbol": "K",
              "name": "Keto",
              "equals": "GT"
            }
          ]
        },
        "background": [0.25, 0.25, 0.25, 0.25],
        "query_dbs": [
          {
            "source": "result/x6800/x6800.meme",
            "name": "x6800",
            "loaded": 1,
            "excluded": 0,
            "last_modified": "Sat Jan 30 08:09:07 2021"
          }
        ],
        "target_dbs": [
          {
            "source": "../../JASPAR2020.txt",
            "name": "JASPAR2020.txt",
            "loaded": 1011,
            "excluded": 0,
            "last_modified": "Fri Jan 29 17:26:37 2021"
          }
        ],
        "queries": [
          {
            "db": 0,
            "id": "6800_1577_4.9417_4.5267",
            "len": 144,
            "nsites": 998,
            "pwm": [
              [0.418238, 0.154473, 0.130403, 0.296886], 
              [0.284281, 0.143154, 0.146156, 0.426408], 
              [0.366721, 0.101217, 0.20241, 0.329651], 
              [0.276273, 0.156165, 0.179186, 0.388374], 
              [0.329982, 0.0953015, 0.283849, 0.290869], 
              [0.463907, 0.158326, 0.137286, 0.240482], 
              [0.3026, 0.136284, 0.115244, 0.445872], 
              [0.314623, 0.262524, 0.131275, 0.291579], 
              [0.492453, 0.124386, 0.144444, 0.238717], 
              [0.42927, 0.0993131, 0.0782522, 0.393166], 
              [0.253253, 0.229231, 0.164173, 0.353343], 
              [0.414813, 0.129271, 0.120253, 0.335662], 
              [0.379747, 0.129271, 0.230463, 0.26052], 
              [0.448878, 0.101217, 0.107228, 0.342676], 
              [0.5275, 0.0690871, 0.0931087, 0.310304], 
              [0.503983, 0.0771713, 0.0561314, 0.362714], 
              [0.469447, 0.0680862, 0.0420628, 0.420403], 
              [0.574116, 0.0290801, 0.0831827, 0.313621], 
              [0.572112, 0.0671523, 0.148307, 0.212429], 
              [0.606176, 0.070158, 0.0591371, 0.264528], 
              [0.524546, 0.0591971, 0.0692261, 0.347031], 
              [0.492962, 0.070158, 0.0932017, 0.343678], 
              [0.575117, 0.0651485, 0.115244, 0.24449], 
              [0.431846, 0.0992131, 0.164338, 0.304604], 
              [0.612188, 0.0921998, 0.0721618, 0.22345], 
              [0.595155, 0.0571333, 0.0541276, 0.293583], 
              [0.303602, 0.272543, 0.0691561, 0.354699], 
              [0.437857, 0.247495, 0.0541276, 0.26052], 
              [0.502981, 0.0491181, 0.0621428, 0.385758], 
              [0.332991, 0.0912899, 0.111348, 0.464372], 
              [0.392163, 0.0993131, 0.0852725, 0.423253], 
              [0.20863, 0.0852725, 0.144444, 0.561654], 
              [0.383755, 0.0942036, 0.316626, 0.205415], 
              [0.509503, 0.0511729, 0.220665, 0.218659], 
              [0.572112, 0.0541276, 0.0861884, 0.287571], 
              [0.334661, 0.159328, 0.0631447, 0.442867], 
              [0.298892, 0.164502, 0.198601, 0.338005], 
              [0.485948, 0.0641466, 0.0671523, 0.382753], 
              [0.693343, 0.0691561, 0.102219, 0.135282], 
              [0.803749, 0.0280502, 0.0210439, 0.147157], 
              [0.100316, 0.020083, 0.0642116, 0.815389], 
              [0.149309, 0.0721618, 0.0851865, 0.693343], 
              [0.649259, 0.0210649, 0.182372, 0.147305], 
              [0.598761, 0.0271033, 0.285854, 0.0882812], 
              [0.631225, 0.030082, 0.1443, 0.194395], 
              [0.748699, 0.0530727, 0.0490691, 0.149159], 
              [0.531034, 0.436855, 0.0290801, 0.00303075], 
              [0.0230687, 0.96586, 0.00603645, 0.00503455], 
              [0.96586, 0.0130497, 0.00303075, 0.0180592], 
              [0.0210439, 0.0150385, 0.551522, 0.412396], 
              [0.599163, 0.340672, 0.0350915, 0.0250725], 
              [0.0110459, 0.0140516, 0.0140516, 0.960851], 
              [0.0130497, 2.50476e-05, 0.967864, 0.0190611], 
              [0.00303075, 0.00102695, 0.472924, 0.523019], 
              [0.0620808, 0.0180412, 0.0140376, 0.90584], 
              [0.0610799, 0.16117, 0.0160394, 0.761711], 
              [0.0291091, 0.349037, 0.0521758, 0.569677], 
              [0.0921998, 0.310615, 0.0150535, 0.582131], 
              [0.847635, 0.0431067, 0.0591371, 0.05012], 
              [0.862664, 0.0290801, 0.040101, 0.0681542], 
              [0.0841846, 0.0230687, 0.0411029, 0.851643], 
              [0.101217, 0.0471143, 0.020063, 0.831605], 
              [0.758466, 0.040101, 0.080177, 0.121255], 
              [0.614192, 0.0390991, 0.232467, 0.114242], 
              [0.581129, 0.0411029, 0.146303, 0.231465], 
              [0.623209, 0.080177, 0.0771713, 0.219442], 
              [0.184561, 0.598761, 0.0892841, 0.127394], 
              [0.144155, 0.717671, 0.070088, 0.0680862], 
              [0.770489, 0.0521238, 0.0531257, 0.124261], 
              [0.0711599, 0.0942036, 0.409804, 0.424832], 
              [0.581129, 0.15532, 0.1443, 0.119251], 
              [0.0971123, 0.0480682, 0.141152, 0.713668], 
              [0.0841846, 0.112238, 0.713381, 0.090196], 
              [0.0732377, 0.103325, 0.412221, 0.411218], 
              [0.146156, 0.142153, 0.10612, 0.60557], 
              [0.0953015, 0.238717, 0.0932957, 0.572686], 
              [0.143298, 0.315624, 0.134281, 0.406798], 
              [0.146449, 0.217656, 0.196595, 0.439299], 
              [0.522496, 0.173181, 0.162171, 0.142153], 
              [0.31863, 0.273545, 0.190387, 0.217438], 
              [0.242486, 0.115244, 0.164338, 0.477933], 
              [0.213431, 0.170349, 0.184376, 0.431846], 
              [0.367723, 0.165339, 0.21844, 0.248497], 
              [0.199404, 0.207419, 0.261522, 0.331655], 
              [0.228688, 0.307918, 0.175534, 0.28786], 
              [0.211427, 0.175358, 0.177362, 0.435853], 
              [0.157324, 0.198402, 0.408802, 0.235472], 
              [0.257514, 0.201408, 0.153317, 0.387762], 
              [0.216436, 0.211427, 0.324642, 0.247495], 
              [0.221446, 0.163336, 0.18137, 0.43385], 
              [0.198402, 0.194395, 0.263526, 0.343678], 
              [0.228459, 0.307609, 0.221446, 0.242486], 
              [0.185377, 0.340672, 0.216436, 0.257514], 
              [0.262524, 0.167343, 0.199404, 0.370729], 
              [0.354699, 0.21844, 0.166341, 0.26052], 
              [0.363078, 0.179546, 0.174532, 0.282846], 
              [0.256512, 0.332657, 0.163336, 0.247495], 
              [0.226682, 0.172526, 0.276827, 0.323965], 
              [0.365719, 0.146303, 0.214433, 0.273545], 
              [0.181188, 0.163172, 0.199204, 0.456435], 
              [0.195396, 0.129271, 0.416817, 0.258516], 
              [0.298592, 0.353697, 0.117247, 0.230463], 
              [0.333659, 0.152315, 0.178364, 0.335662], 
              [0.250501, 0.156322, 0.188383, 0.404794], 
              [0.307918, 0.138426, 0.187569, 0.366086], 
              [0.346683, 0.212429, 0.143298, 0.29759], 
              [0.361712, 0.175358, 0.151313, 0.311617], 
              [0.279837, 0.169517, 0.116362, 0.434285], 
              [0.235472, 0.147305, 0.313621, 0.303602], 
              [0.343678, 0.149309, 0.214433, 0.292581], 
              [0.259518, 0.214433, 0.131275, 0.394775], 
              [0.348687, 0.310615, 0.135282, 0.205415], 
              [0.246246, 0.3063, 0.0931087, 0.354344], 
              [0.29759, 0.287571, 0.178364, 0.236474], 
              [0.379747, 0.138288, 0.20241, 0.279556], 
              [0.225679, 0.174532, 0.342017, 0.257772], 
              [0.476931, 0.136284, 0.166341, 0.220444], 
              [0.241726, 0.146449, 0.146449, 0.465374], 
              [0.464443, 0.125138, 0.147157, 0.263262], 
              [0.27081, 0.126391, 0.161493, 0.441305], 
              [0.220444, 0.157324, 0.149309, 0.472924], 
              [0.316944, 0.282846, 0.130403, 0.269807], 
              [0.308611, 0.264528, 0.153317, 0.273545], 
              [0.252252, 0.279276, 0.138149, 0.330322], 
              [0.367723, 0.129271, 0.21844, 0.284566], 
              [0.384756, 0.129271, 0.172353, 0.313621], 
              [0.23948, 0.152315, 0.15532, 0.452886], 
              [0.309613, 0.241484, 0.189385, 0.259518], 
              [0.235236, 0.204209, 0.160169, 0.400385], 
              [0.275548, 0.28156, 0.169347, 0.273545], 
              [0.216436, 0.268535, 0.201408, 0.313621], 
              [0.461903, 0.118249, 0.183374, 0.236474], 
              [0.207419, 0.157324, 0.24449, 0.390768], 
              [0.240241, 0.155165, 0.231233, 0.373361], 
              [0.237238, 0.268266, 0.216219, 0.278275], 
              [0.266531, 0.278554, 0.187381, 0.267533], 
              [0.240482, 0.1443, 0.205415, 0.409804], 
              [0.234236, 0.115129, 0.4174, 0.233235], 
              [0.220223, 0.180187, 0.180187, 0.419402], 
              [0.285567, 0.112238, 0.353697, 0.248497], 
              [0.435853, 0.119251, 0.180368, 0.264528], 
              [0.289575, 0.167343, 0.286569, 0.256512], 
              [0.245491, 0.227457, 0.194395, 0.332657], 
              [0.358706, 0.169347, 0.215434, 0.256512]
            ]
          }
        ],
        "targets": [
          {
            "db": 0,
            "id": "MA0004.1",
            "alt": "Arnt",
            "len": 6,
            "nsites": 20,
            "url": "http://jaspar.genereg.net/matrix/MA0004.1",
            "pwm": [
              [0.200249, 0.797264, 0.00124378, 0.00124378], 
              [0.946517, 0.00124378, 0.050995, 0.00124378], 
              [0.00124378, 0.996269, 0.00124378, 0.00124378], 
              [0.00124378, 0.00124378, 0.996269, 0.00124378], 
              [0.00124378, 0.00124378, 0.00124378, 0.996269], 
              [0.00124378, 0.00124378, 0.996269, 0.00124378]
            ]
          }, {
            "db": 0,
            "id": "MA0007.1",
            "alt": "Ar",
            "len": 22,
            "nsites": 24,
            "url": "http://jaspar.genereg.net/matrix/MA0007.1",
            "pwm": [
              [0.374481, 0.291494, 0.0840246, 0.25], 
              [0.374481, 0.0840246, 0.125519, 0.415975], 
              [0.457469, 0.125519, 0.125519, 0.291494], 
              [0.664938, 0.0425315, 0.291494, 0.00103734], 
              [0.00103734, 0.00103734, 0.913901, 0.0840246], 
              [0.498963, 0.25, 0.0425315, 0.208506], 
              [0.872407, 0.0840246, 0.00103734, 0.0425315], 
              [0.00103734, 0.996888, 0.00103734, 0.00103734], 
              [0.623444, 0.00103734, 0.332987, 0.0425315], 
              [0.167013, 0.374481, 0.0840246, 0.374481], 
              [0.208506, 0.457469, 0.0840246, 0.25], 
              [0.25, 0.374481, 0.374481, 0.00103734], 
              [0.125519, 0.208506, 0.0425315, 0.623444], 
              [0.00103734, 0.00103734, 0.996888, 0.00103734], 
              [0.167013, 0.00103734, 0.00103734, 0.830913], 
              [0.457469, 0.208506, 0.0425315, 0.291494], 
              [0.0425315, 0.913901, 0.0425315, 0.00103734], 
              [0.125519, 0.664938, 0.0425315, 0.167013], 
              [0.25, 0.291494, 0.208506, 0.25], 
              [0.25, 0.208506, 0.374481, 0.167013], 
              [0.415975, 0.457469, 0.00103734, 0.125519], 
              [0.208506, 0.457469, 0.25, 0.0840246]
            ]
          }, {
            "db": 0,
            "id": "MA0007.2",
            "alt": "AR",
            "len": 15,
            "nsites": 11206,
            "url": "http://jaspar.genereg.net/matrix/MA0007.2",
            "pwm": [
              [0.560143, 0.0992343, 0.272086, 0.0685366], 
              [0.579776, 2.23093e-06, 0.420219, 2.23093e-06], 
              [2.23093e-06, 2.23093e-06, 0.999993, 2.23093e-06], 
              [0.576652, 0.116367, 0.111905, 0.195074], 
              [0.999993, 2.23093e-06, 2.23093e-06, 2.23093e-06], 
              [0.00232221, 0.991872, 0.00580218, 2.23093e-06], 
              [0.930388, 2.23093e-06, 0.00955015, 0.0600587], 
              [0.131895, 0.265572, 0.359003, 0.24353], 
              [0.388452, 0.187044, 0.191952, 0.232554], 
              [0.295556, 0.289934, 0.293682, 0.120829], 
              [0.28922, 0.0126741, 0.02722, 0.670887], 
              [2.23093e-06, 0.0468518, 0.953144, 2.23093e-06], 
              [0.197573, 0.112619, 0.0598807, 0.629927], 
              [0.237016, 0.217205, 0.219525, 0.326253], 
              [0.142692, 0.627518, 0.026595, 0.203195]
            ]
          }, {
            "db": 0,
            "id": "MA0027.2",
            "alt": "EN1",
            "len": 8,
            "nsites": 2891,
            "url": "http://jaspar.genereg.net/matrix/MA0027.2",
            "pwm": [
              [0.147704, 0.406083, 0.264613, 0.1816], 
              [0.0346854, 0.442807, 0.00167559, 0.520831], 
              [0.944439, 0.0323495, 0.0232028, 8.64723e-06], 
              [0.990382, 0.00960032, 8.64723e-06, 8.64723e-06], 
              [8.64723e-06, 8.64723e-06, 8.64723e-06, 0.999974], 
              [0.0158721, 0.134432, 0.0450951, 0.804601], 
              [0.946913, 8.64723e-06, 0.00983431, 0.0432432], 
              [0.238408, 0.236332, 0.420755, 0.104503]
            ]
          }, {
            "db": 0,
            "id": "MA0030.1",
            "alt": "FOXF2",
            "len": 14,
            "nsites": 27,
            "url": "http://jaspar.genereg.net/matrix/MA0030.1",
            "pwm": [
              [0.0378228, 0.369926, 0.259225, 0.333025], 
              [0.369926, 0.259225, 0.185424, 0.185424], 
              [0.628229, 0.148524, 0.0747232, 0.148524], 
              [0.463495, 0.178835, 0.178835, 0.178835], 
              [0.136783, 0.499077, 0.363217, 0.000922509], 
              [0.259225, 0.000922509, 0.73893, 0.000922509], 
              [0.000922509, 0.000922509, 0.000922509, 0.997232], 
              [0.997232, 0.000922509, 0.000922509, 0.000922509], 
              [0.997232, 0.000922509, 0.000922509, 0.000922509], 
              [0.997232, 0.000922509, 0.000922509, 0.000922509], 
              [0.000922509, 0.923432, 0.000922509, 0.0747232], 
              [0.997232, 0.000922509, 0.000922509, 0.000922509], 
              [0.591329, 0.148524, 0.0747232, 0.185424], 
              [0.259225, 0.148524, 0.222325, 0.369926]
            ]
          }, {
            "db": 0,
            "id": "MA0031.1",
            "alt": "FOXD1",
            "len": 8,
            "nsites": 20,
            "url": "http://jaspar.genereg.net/matrix/MA0031.1",
            "pwm": [
              [0.050995, 0.050995, 0.847015, 0.050995], 
              [0.00124378, 0.00124378, 0.00124378, 0.996269], 
              [0.946517, 0.050995, 0.00124378, 0.00124378], 
              [0.996269, 0.00124378, 0.00124378, 0.00124378], 
              [0.896766, 0.050995, 0.050995, 0.00124378], 
              [0.050995, 0.896766, 0.00124378, 0.050995], 
              [0.996269, 0.00124378, 0.00124378, 0.00124378], 
              [0.349502, 0.100746, 0.150498, 0.399254]
            ]
          }, {
            "db": 0,
            "id": "MA0033.2",
            "alt": "FOXL1",
            "len": 7,
            "nsites": 4933,
            "url": "http://jaspar.genereg.net/matrix/MA0033.2",
            "pwm": [
              [0.426106, 0.00264001, 0.542869, 0.0283845], 
              [0.00192603, 0.0799114, 5.06781e-06, 0.918157], 
              [0.874644, 0.114916, 0.0104349, 5.06781e-06], 
              [0.989019, 0.00786791, 5.06781e-06, 0.003109], 
              [0.973112, 0.0166987, 0.0101839, 5.06781e-06], 
              [5.06781e-06, 0.778859, 5.06781e-06, 0.221131], 
              [0.985349, 0.0111368, 5.06781e-06, 0.003509]
            ]
          }, {
            "db": 0,
            "id": "MA0035.4",
            "alt": "GATA1",
            "len": 11,
            "nsites": 71828,
            "url": "http://jaspar.genereg.net/matrix/MA0035.4",
            "pwm": [
              [0.309197, 0.169975, 0.194284, 0.326544], 
              [0.241243, 0.201718, 0.154369, 0.40267], 
              [0.0550343, 0.869006, 0.0377573, 0.0382023], 
              [0.0182943, 0.00828434, 0.00907734, 0.964344], 
              [0.691818, 0.00988533, 0.0119173, 0.286379], 
              [0.94044, 0.0179873, 0.0137553, 0.0278163], 
              [0.0307123, 0.0172363, 0.00860434, 0.943447], 
              [0.0357383, 0.917984, 0.0204793, 0.0257983], 
              [0.102982, 0.0421143, 0.0106503, 0.844252], 
              [0.369563, 0.155733, 0.199894, 0.274809], 
              [0.31542, 0.212466, 0.129824, 0.34229]
            ]
          }, {
            "db": 0,
            "id": "MA0046.1",
            "alt": "HNF1A",
            "len": 14,
            "nsites": 21,
            "url": "http://jaspar.genereg.net/matrix/MA0046.1",
            "pwm": [
              [0.238151, 0.00118483, 0.664692, 0.0959715], 
              [0.0485782, 0.00118483, 0.949052, 0.00118483], 
              [0.0485782, 0.00118483, 0.00118483, 0.949052], 
              [0.0485782, 0.00118483, 0.00118483, 0.949052], 
              [0.949052, 0.00118483, 0.00118483, 0.0485782], 
              [0.759479, 0.0959715, 0.0485782, 0.0959715], 
              [0.0485782, 0.00118483, 0.00118483, 0.949052], 
              [0.380331, 0.0959715, 0.190758, 0.332938], 
              [0.664692, 0.00118483, 0.0485782, 0.285545], 
              [0.0959715, 0.00118483, 0.00118483, 0.901659], 
              [0.00118483, 0.190758, 0.00118483, 0.806872], 
              [0.617299, 0.0485782, 0.143365, 0.190758], 
              [0.380331, 0.380331, 0.143365, 0.0959715], 
              [0.238151, 0.617299, 0.00118483, 0.143365]
            ]
          }, {
            "db": 0,
            "id": "MA0046.2",
            "alt": "HNF1A",
            "len": 15,
            "nsites": 14149,
            "url": "http://jaspar.genereg.net/matrix/MA0046.2",
            "pwm": [
              [0.368152, 0.172522, 0.246661, 0.212665], 
              [0.459275, 0.0273046, 0.471577, 0.0418435], 
              [0.0228056, 0.0642903, 0.0547684, 0.858135], 
              [0.147344, 0.109724, 0.0275086, 0.715424], 
              [0.981746, 0.000209765, 0.0170706, 0.00097276], 
              [0.933676, 0.0417725, 0.000529763, 0.0240216], 
              [0.0803642, 0.0266846, 0.000443764, 0.892507], 
              [0.236076, 0.265055, 0.320892, 0.177977], 
              [0.934046, 0.000595763, 0.0223806, 0.0429775], 
              [0.0452364, 0.000828761, 0.0537614, 0.900173], 
              [0.00291375, 0.0158097, 0.000278765, 0.980998], 
              [0.814984, 0.0136527, 0.0770132, 0.0943501], 
              [0.878107, 0.0431345, 0.0679593, 0.0108007], 
              [0.0864822, 0.822325, 0.0380695, 0.0531224], 
              [0.280727, 0.242208, 0.16079, 0.316277]
            ]
          }, {
            "db": 0,
            "id": "MA0047.3",
            "alt": "FOXA2",
            "len": 11,
            "nsites": 262153,
            "url": "http://jaspar.genereg.net/matrix/MA0047.3",
            "pwm": [
              [0.428151, 0.13, 0.243392, 0.198457], 
              [0.357577, 0.0474231, 0.147006, 0.447994], 
              [0.0715991, 0.0111691, 0.901424, 0.0158081], 
              [0.0142551, 0.00777009, 0.00721009, 0.970765], 
              [0.93001, 0.0359481, 0.0100741, 0.0239671], 
              [0.850881, 0.0855571, 0.0247341, 0.0388281], 
              [0.946829, 0.0126991, 0.0107001, 0.0297731], 
              [0.00919709, 0.751351, 0.0137441, 0.225708], 
              [0.94092, 0.0117721, 0.0113831, 0.0359261], 
              [0.293531, 0.192926, 0.192739, 0.320805], 
              [0.325802, 0.204587, 0.216027, 0.253585]
            ]
          }, {
            "db": 0,
            "id": "MA0048.1",
            "alt": "NHLH1",
            "len": 12,
            "nsites": 54,
            "url": "http://jaspar.genereg.net/matrix/MA0048.1",
            "pwm": [
              [0.240758, 0.240758, 0.314695, 0.20379], 
              [0.240758, 0.721349, 0.0374306, 0.000462107], 
              [0.0559154, 0.092884, 0.684381, 0.166821], 
              [0.0189469, 0.980129, 0.000462107, 0.000462107], 
              [0.998614, 0.000462107, 0.000462107, 0.000462107], 
              [0.0189469, 0.0189469, 0.961645, 0.000462107], 
              [0.0189469, 0.924677, 0.0559154, 0.000462107], 
              [0.0189469, 0.0189469, 0.000462107, 0.961645], 
              [0.000462107, 0.000462107, 0.980129, 0.0189469], 
              [0.0559154, 0.684381, 0.148336, 0.111368], 
              [0.0374306, 0.000462107, 0.684381, 0.277727], 
              [0.092884, 0.314695, 0.222273, 0.370148]
            ]
          }, {
            "db": 0,
            "id": "MA0048.2",
            "alt": "NHLH1",
            "len": 10,
            "nsites": 3246,
            "url": "http://jaspar.genereg.net/matrix/MA0048.2",
            "pwm": [
              [0.24276, 0.66727, 0.055767, 0.0342026], 
              [0.15638, 0.0607248, 0.73472, 0.0481742], 
              [0.00139066, 0.998594, 7.70155e-06, 7.70155e-06], 
              [0.998134, 0.00138966, 0.000468687, 7.70155e-06], 
              [7.70155e-06, 0.116625, 0.839192, 0.0441753], 
              [0.0402415, 0.907775, 0.0519761, 7.70155e-06], 
              [7.70155e-06, 0.00184764, 0.00184764, 0.996297], 
              [0.000927673, 0.00184864, 0.996756, 0.000467687], 
              [0.101584, 0.743293, 0.0350096, 0.120114], 
              [0.0655517, 0.156632, 0.460943, 0.316874]
            ]
          }, {
            "db": 0,
            "id": "MA0052.2",
            "alt": "MEF2A",
            "len": 15,
            "nsites": 1473,
            "url": "http://jaspar.genereg.net/matrix/MA0052.2",
            "pwm": [
              [0.326539, 0.100485, 0.257298, 0.315678], 
              [0.114741, 0.101164, 0.424292, 0.359803], 
              [0.0787626, 0.80037, 0.0217395, 0.0991272], 
              [1.6971e-05, 0.321108, 1.6971e-05, 0.678858], 
              [0.863502, 0.0461778, 0.00952033, 0.0807995], 
              [0.684289, 1.6971e-05, 0.0807995, 0.234896], 
              [0.938853, 1.6971e-05, 0.0264922, 0.0346376], 
              [0.91781, 0.00341074, 1.6971e-05, 0.0787626], 
              [0.943605, 1.6971e-05, 1.6971e-05, 0.0563611], 
              [0.00408969, 1.6971e-05, 1.6971e-05, 0.995876], 
              [0.99927, 1.6971e-05, 1.6971e-05, 0.000695925], 
              [0.156829, 0.0332797, 0.787472, 0.0224185], 
              [0.398496, 0.429044, 0.0760468, 0.0964124], 
              [0.359803, 0.277663, 0.0746899, 0.287845], 
              [0.234217, 0.304816, 0.137822, 0.323145]
            ]
          }, {
            "db": 0,
            "id": "MA0052.4",
            "alt": "MEF2A",
            "len": 15,
            "nsites": 16162,
            "url": "http://jaspar.genereg.net/matrix/MA0052.4",
            "pwm": [
              [0.314008, 0.131111, 0.2259, 0.328982], 
              [0.249536, 0.121273, 0.277998, 0.351193], 
              [0.122758, 0.675594, 0.0623082, 0.13934], 
              [0.0387963, 0.184012, 0.0146035, 0.762588], 
              [0.769518, 0.0626792, 0.0659581, 0.101845], 
              [0.81252, 0.0156554, 0.0377443, 0.134081], 
              [0.908299, 0.00872549, 0.0313094, 0.0516652], 
              [0.894254, 0.0142945, 0.0149135, 0.0765391], 
              [0.925377, 0.0107055, 0.0124995, 0.0514182], 
              [0.0272874, 0.0215954, 0.0133045, 0.937813], 
              [0.964109, 0.00309553, 0.0261124, 0.00668351], 
              [0.158768, 0.0655871, 0.687041, 0.088604], 
              [0.476982, 0.249907, 0.0993079, 0.173803], 
              [0.381821, 0.21798, 0.111992, 0.288207], 
              [0.325084, 0.235862, 0.153385, 0.28567]
            ]
          }, {
            "db": 0,
            "id": "MA0058.1",
            "alt": "MAX",
            "len": 10,
            "nsites": 17,
            "url": "http://jaspar.genereg.net/matrix/MA0058.1",
            "pwm": [
              [0.352339, 0.059942, 0.352339, 0.23538], 
              [0.644737, 0.059942, 0.29386, 0.00146199], 
              [0.29386, 0.410819, 0.059942, 0.23538], 
              [0.00146199, 0.995614, 0.00146199, 0.00146199], 
              [0.937134, 0.059942, 0.00146199, 0.00146199], 
              [0.00146199, 0.995614, 0.00146199, 0.00146199], 
              [0.059942, 0.00146199, 0.937134, 0.00146199], 
              [0.00146199, 0.00146199, 0.00146199, 0.995614], 
              [0.00146199, 0.00146199, 0.995614, 0.00146199], 
              [0.352339, 0.176901, 0.29386, 0.176901]
            ]
          }, {
            "db": 0,
            "id": "MA0058.2",
            "alt": "MAX",
            "len": 10,
            "nsites": 24565,
            "url": "http://jaspar.genereg.net/matrix/MA0058.2",
            "pwm": [
              [0.511173, 0.0301659, 0.335559, 0.123103], 
              [0.551882, 0.0452688, 0.276043, 0.126807], 
              [0.204112, 0.146021, 0.511743, 0.138123], 
              [1.0177e-06, 0.999997, 1.0177e-06, 1.0177e-06], 
              [0.999997, 1.0177e-06, 1.0177e-06, 1.0177e-06], 
              [1.0177e-06, 0.999997, 1.0177e-06, 1.0177e-06], 
              [0.798614, 1.0177e-06, 0.201384, 1.0177e-06], 
              [1.0177e-06, 1.0177e-06, 1.0177e-06, 0.999997], 
              [1.0177e-06, 1.0177e-06, 0.999997, 1.0177e-06], 
              [0.004967, 0.117607, 0.577813, 0.299613]
            ]
          }, {
            "db": 0,
            "id": "MA0058.3",
            "alt": "MAX",
            "len": 10,
            "nsites": 6877,
            "url": "http://jaspar.genereg.net/matrix/MA0058.3",
            "pwm": [
              [0.480875, 0.226261, 0.18831, 0.104553], 
              [0.278545, 0.40858, 0.220218, 0.0926573], 
              [0.00564355, 0.994349, 3.63525e-06, 3.63525e-06], 
              [0.982134, 3.63525e-06, 0.0124305, 0.00543156], 
              [3.63525e-06, 0.966807, 0.000987621, 0.0322022], 
              [0.045301, 0.00537356, 0.946706, 0.0026196], 
              [0.00968949, 0.0223223, 0.00281059, 0.965178], 
              [3.63525e-06, 0.00389458, 0.99091, 0.00519156], 
              [0.195056, 0.356362, 0.238255, 0.210328], 
              [0.163177, 0.323588, 0.143399, 0.369835]
            ]
          }, {
            "db": 0,
            "id": "MA0059.1",
            "alt": "MAX::MYC",
            "len": 11,
            "nsites": 21,
            "url": "http://jaspar.genereg.net/matrix/MA0059.1",
            "pwm": [
              [0.332938, 0.0485782, 0.427725, 0.190758], 
              [0.712086, 0.0485782, 0.190758, 0.0485782], 
              [0.0959715, 0.427725, 0.427725, 0.0485782], 
              [0.0485782, 0.949052, 0.00118483, 0.00118483], 
              [0.996445, 0.00118483, 0.00118483, 0.00118483], 
              [0.00118483, 0.949052, 0.00118483, 0.0485782], 
              [0.0485782, 0.00118483, 0.949052, 0.00118483], 
              [0.00118483, 0.0485782, 0.00118483, 0.949052], 
              [0.00118483, 0.00118483, 0.996445, 0.00118483], 
              [0.0485782, 0.0485782, 0.854266, 0.0485782], 
              [0.143365, 0.238151, 0.00118483, 0.617299]
            ]
          }, {
            "db": 0,
            "id": "MA0063.1",
            "alt": "Nkx2-5",
            "len": 7,
            "nsites": 17,
            "url": "http://jaspar.genereg.net/matrix/MA0063.1",
            "pwm": [
              [0.410819, 0.00146199, 0.059942, 0.527778], 
              [0.00146199, 0.23538, 0.00146199, 0.761696], 
              [0.995614, 0.00146199, 0.00146199, 0.00146199], 
              [0.995614, 0.00146199, 0.00146199, 0.00146199], 
              [0.00146199, 0.00146199, 0.410819, 0.586257], 
              [0.23538, 0.118421, 0.00146199, 0.644737], 
              [0.118421, 0.059942, 0.644737, 0.176901]
            ]
          }, {
            "db": 0,
            "id": "MA0068.1",
            "alt": "Pax4",
            "len": 30,
            "nsites": 21,
            "url": "http://jaspar.genereg.net/matrix/MA0068.1",
            "pwm": [
              [0.332938, 0.0959715, 0.522512, 0.0485782], 
              [0.949052, 0.00118483, 0.0485782, 0.00118483], 
              [0.759479, 0.0959715, 0.0485782, 0.0959715], 
              [0.522512, 0.0485782, 0.0485782, 0.380331], 
              [0.617299, 0.0485782, 0.143365, 0.190758], 
              [0.522512, 0.143365, 0.0485782, 0.285545], 
              [0.285545, 0.0485782, 0.0959715, 0.569906], 
              [0.427725, 0.0485782, 0.0485782, 0.475118], 
              [0.238151, 0.143365, 0.285545, 0.332938], 
              [0.238151, 0.522512, 0.0485782, 0.190758], 
              [0.285545, 0.522512, 0.190758, 0.00118483], 
              [0.332938, 0.332938, 0.238151, 0.0959715], 
              [0.380331, 0.332938, 0.0959715, 0.190758], 
              [0.285545, 0.238151, 0.0485782, 0.427725], 
              [0.475118, 0.238151, 0.190758, 0.0959715], 
              [0.190758, 0.380331, 0.190758, 0.238151], 
              [0.143365, 0.285545, 0.190758, 0.380331], 
              [0.332938, 0.380331, 0.143365, 0.143365], 
              [0.190758, 0.427725, 0.143365, 0.238151], 
              [0.427725, 0.285545, 0.0959715, 0.190758], 
              [0.238151, 0.332938, 0.238151, 0.190758], 
              [0.238151, 0.285545, 0.0959715, 0.380331], 
              [0.332938, 0.522512, 0.00118483, 0.143365], 
              [0.285545, 0.427725, 0.0485782, 0.238151], 
              [0.143365, 0.569906, 0.0959715, 0.190758], 
              [0.332938, 0.427725, 0.0959715, 0.143365], 
              [0.143365, 0.569906, 0.0959715, 0.190758], 
              [0.0485782, 0.522512, 0.143365, 0.285545], 
              [0.285545, 0.522512, 0.0485782, 0.143365], 
              [0.143365, 0.617299, 0.0959715, 0.143365]
            ]
          }, {
            "db": 0,
            "id": "MA0068.2",
            "alt": "PAX4",
            "len": 8,
            "nsites": 522,
            "url": "http://jaspar.genereg.net/matrix/MA0068.2",
            "pwm": [
              [0.0709153, 0.637857, 0.0900686, 0.201158], 
              [0.107236, 0.0554903, 0.221816, 0.615457], 
              [0.985066, 0.00596375, 4.78835e-05, 0.00892218], 
              [0.999856, 4.78835e-05, 4.78835e-05, 4.78835e-05], 
              [4.78835e-05, 4.78835e-05, 0.0148381, 0.985066], 
              [0.0484256, 0.0296122, 0.0269247, 0.895037], 
              [0.74822, 0.20001, 0.0247621, 0.0270087], 
              [0.243113, 0.150748, 0.539653, 0.0664862]
            ]
          }, {
            "db": 0,
            "id": "MA0075.1",
            "alt": "Prrx2",
            "len": 5,
            "nsites": 59,
            "url": "http://jaspar.genereg.net/matrix/MA0075.1",
            "pwm": [
              [0.880288, 0.0342637, 0.0681053, 0.0173433], 
              [0.998731, 0.000423012, 0.000423012, 0.000423012], 
              [0.000423012, 0.000423012, 0.0173433, 0.981811], 
              [0.000423012, 0.000423012, 0.000423012, 0.998731], 
              [0.981811, 0.000423012, 0.0173433, 0.000423012]
            ]
          }, {
            "db": 0,
            "id": "MA0075.2",
            "alt": "Prrx2",
            "len": 8,
            "nsites": 3850,
            "url": "http://jaspar.genereg.net/matrix/MA0075.2",
            "pwm": [
              [0.167275, 0.395321, 0.185716, 0.251688], 
              [0.0903281, 0.455388, 0.0554871, 0.398798], 
              [0.782303, 0.0733786, 0.0837443, 0.0605739], 
              [0.900334, 0.0542741, 0.0290117, 0.0163801], 
              [0.00334441, 0.00565435, 0.00283042, 0.988171], 
              [0.0921351, 0.0996479, 0.0472573, 0.76096], 
              [0.857987, 0.0441423, 0.00870027, 0.0891702], 
              [0.320601, 0.228112, 0.268901, 0.182387]
            ]
          }, {
            "db": 0,
            "id": "MA0075.3",
            "alt": "PRRX2",
            "len": 8,
            "nsites": 11044,
            "url": "http://jaspar.genereg.net/matrix/MA0075.3",
            "pwm": [
              [0.0704466, 0.608472, 0.146053, 0.175028], 
              [0.0175011, 0.288009, 0.0187911, 0.675699], 
              [0.995254, 0.00429722, 0.00044626, 2.26365e-06], 
              [0.999993, 2.26365e-06, 2.26365e-06, 2.26365e-06], 
              [2.26365e-06, 2.26365e-06, 2.26365e-06, 0.999993], 
              [2.26365e-06, 2.26365e-06, 2.26365e-06, 0.999993], 
              [0.943814, 0.000142262, 0.0560408, 2.26365e-06], 
              [0.340972, 0.189166, 0.277125, 0.192738]
            ]
          }, {
            "db": 0,
            "id": "MA0091.1",
            "alt": "TAL1::TCF3",
            "len": 12,
            "nsites": 44,
            "url": "http://jaspar.genereg.net/matrix/MA0091.1",
            "pwm": [
              [0.295352, 0.318027, 0.181973, 0.204648], 
              [0.204648, 0.227325, 0.454081, 0.113945], 
              [0.884921, 0.000566893, 0.0685943, 0.0459188], 
              [0.454081, 0.544785, 0.000566893, 0.000566893], 
              [0.000566893, 0.975624, 0.0232424, 0.000566893], 
              [0.998299, 0.000566893, 0.000566893, 0.000566893], 
              [0.000566893, 0.0232424, 0.25, 0.726191], 
              [0.272675, 0.726191, 0.000566893, 0.000566893], 
              [0.000566893, 0.000566893, 0.000566893, 0.998299], 
              [0.000566893, 0.000566893, 0.975624, 0.0232424], 
              [0.000566893, 0.0685943, 0.454081, 0.476758], 
              [0.0912698, 0.0912698, 0.0459188, 0.771542]
            ]
          }, {
            "db": 0,
            "id": "MA0092.1",
            "alt": "Hand1::Tcf3",
            "len": 10,
            "nsites": 29,
            "url": "http://jaspar.genereg.net/matrix/MA0092.1",
            "pwm": [
              [0.138316, 0.275773, 0.344502, 0.241409], 
              [0.344502, 0.000859107, 0.516323, 0.138316], 
              [0.0695881, 0.0695881, 0.0352236, 0.825601], 
              [0.000859107, 0.963058, 0.000859107, 0.0352236], 
              [0.000859107, 0.000859107, 0.000859107, 0.997423], 
              [0.000859107, 0.000859107, 0.997423, 0.000859107], 
              [0.000859107, 0.103952, 0.859966, 0.0352236], 
              [0.310138, 0.481959, 0.0352236, 0.172681], 
              [0.550687, 0.000859107, 0.103952, 0.344502], 
              [0.172681, 0.138316, 0.138316, 0.550687]
            ]
          }, {
            "db": 0,
            "id": "MA0093.1",
            "alt": "USF1",
            "len": 7,
            "nsites": 30,
            "url": "http://jaspar.genereg.net/matrix/MA0093.1",
            "pwm": [
              [0.000830565, 0.997508, 0.000830565, 0.000830565], 
              [0.997508, 0.000830565, 0.000830565, 0.000830565], 
              [0.000830565, 0.931063, 0.000830565, 0.0672761], 
              [0.0340528, 0.000830565, 0.964286, 0.000830565], 
              [0.000830565, 0.0340528, 0.0340528, 0.931063], 
              [0.000830565, 0.000830565, 0.997508, 0.000830565], 
              [0.299834, 0.0672761, 0.465947, 0.166944]
            ]
          }, {
            "db": 0,
            "id": "MA0093.3",
            "alt": "USF1",
            "len": 14,
            "nsites": 55334,
            "url": "http://jaspar.genereg.net/matrix/MA0093.3",
            "pwm": [
              [0.260599, 0.189142, 0.26472, 0.285539], 
              [0.29087, 0.11342, 0.375682, 0.220027], 
              [0.136878, 0.0547584, 0.778797, 0.0295664], 
              [0.0694153, 0.172462, 0.0706983, 0.687424], 
              [0.00963243, 0.967505, 0.0138434, 0.00901844], 
              [0.969638, 0.0118194, 0.00862044, 0.00992243], 
              [0.00755444, 0.23828, 0.0662523, 0.687912], 
              [0.0624033, 0.0250664, 0.904976, 0.00755444], 
              [0.00809644, 0.00477144, 0.0108614, 0.97627], 
              [0.00728344, 0.0147654, 0.969276, 0.00867544], 
              [0.823851, 0.0550294, 0.0845593, 0.0365604], 
              [0.0333434, 0.749086, 0.0545424, 0.163028], 
              [0.203853, 0.35161, 0.125474, 0.319062], 
              [0.254581, 0.261593, 0.186739, 0.297087]
            ]
          }, {
            "db": 0,
            "id": "MA0095.1",
            "alt": "YY1",
            "len": 6,
            "nsites": 17,
            "url": "http://jaspar.genereg.net/matrix/MA0095.1",
            "pwm": [
              [0.352339, 0.059942, 0.410819, 0.176901], 
              [0.00146199, 0.937134, 0.00146199, 0.059942], 
              [0.00146199, 0.995614, 0.00146199, 0.00146199], 
              [0.995614, 0.00146199, 0.00146199, 0.00146199], 
              [0.00146199, 0.00146199, 0.00146199, 0.995614], 
              [0.176901, 0.469298, 0.176901, 0.176901]
            ]
          }, {
            "db": 0,
            "id": "MA0100.3",
            "alt": "MYB",
            "len": 10,
            "nsites": 1527,
            "url": "http://jaspar.genereg.net/matrix/MA0100.3",
            "pwm": [
              [0.278322, 0.276357, 0.196468, 0.248854], 
              [0.191229, 0.280286, 0.259986, 0.268499], 
              [1.63709e-05, 0.990783, 0.00329016, 0.00590998], 
              [0.967864, 0.00198124, 0.0255547, 0.00460007], 
              [0.994712, 0.00132629, 1.63709e-05, 0.00394511], 
              [1.63709e-05, 0.999951, 1.63709e-05, 1.63709e-05], 
              [0.000671328, 0.0393068, 0.0445455, 0.915477], 
              [0.00525503, 0.00198124, 0.992747, 1.63709e-05], 
