Query_ID	Target_ID	Optimal_offset	p-value	E-value	q-value	Overlap	Query_consensus	Target_consensus	Orientation
2875_12233_15.4553_9.0367	MA0139.1	-8	1.82802e-06	0.00184813	0.00313554	19	GGGGCTTTTGCCCCCAAGAGGGGGCTCTAGCGCCCCCTCCGGGGGGGGGGGGGGGG	TGGCCACCAGGGGGCGCTA	+
2875_12233_15.4553_9.0367	MA0068.1	-11	3.10434e-06	0.00313849	0.00313554	30	GGGGCTTTTGCCCCCAAGAGGGGGCTCTAGCGCCCCCTCCGGGGGGGGGGGGGGGG	GAAAAATTTCCCATACTCCACTCCCCCCCC	+
2875_12233_15.4553_9.0367	MA0615.1	-3	0.000196156	0.198314	0.0990637	17	GGGGCTTTTGCCCCCAAGAGGGGGCTCTAGCGCCCCCTCCGGGGGGGGGGGGGGGG	CCATCGTACGTAAACTC	-
2875_12233_15.4553_9.0367	MA0751.1	-11	0.00127272	1.28672	0.439342	15	GGGGCTTTTGCCCCCAAGAGGGGGCTCTAGCGCCCCCTCCGGGGGGGGGGGGGGGG	GCACAGCGGGGGGTC	-
2875_12233_15.4553_9.0367	MA1149.1	-8	0.00154373	1.56071	0.440494	18	GGGGCTTTTGCCCCCAAGAGGGGGCTCTAGCGCCCCCTCCGGGGGGGGGGGGGGGG	TGACCTCTACATGACCTC	-
2875_12233_15.4553_9.0367	MA0014.1	-28	0.00175023	1.76948	0.440494	20	GGGGCTTTTGCCCCCAAGAGGGGGCTCTAGCGCCCCCTCCGGGGGGGGGGGGGGGG	GGAGCACTGAAGCGTAGCGG	+
2875_12233_15.4553_9.0367	MA1651.1	-10	0.0019625	1.98409	0.440494	21	GGGGCTTTTGCCCCCAAGAGGGGGCTCTAGCGCCCCCTCCGGGGGGGGGGGGGGGG	GTTCCAAAATGGCTGCCTCCG	+

# Tomtom (Motif Comparison Tool): Version 5.1.0 compiled on Oct  9 2020 at 08:11:46
# The format of this file is described at http://meme-suite.org//doc/tomtom-output-format.html.
# tomtom -no-ssc -o result/x2875/x2875.out result/x2875/x2875.meme ../../JASPAR2020.txt
