Query_ID	Target_ID	Optimal_offset	p-value	E-value	q-value	Overlap	Query_consensus	Target_consensus	Orientation
5615_16476_12.2069_12.1584	MA0139.1	-32	6.62838e-13	6.7013e-10	1.34026e-09	19	CCGCGCGGCCGCGAAAGTGCAATACCCCAAATTGTCCACTAGGGGGCACTATTGCCCCATAAAGGCGCTATAGCGCCCCCTAGTGGCCGAATTGGGAAAATCGAGCCCGGGG	TGGCCACCAGGGGGCGCTA	+
5615_16476_12.2069_12.1584	MA1102.1	-36	2.48259e-06	0.0025099	0.00167326	14	CCGCGCGGCCGCGAAAGTGCAATACCCCAAATTGTCCACTAGGGGGCACTATTGCCCCATAAAGGCGCTATAGCGCCCCCTAGTGGCCGAATTGGGAAAATCGAGCCCGGGG	CACCAGGGGGCACC	+
5615_16476_12.2069_12.1584	MA1102.2	-37	0.000117964	0.119261	0.0477045	12	CCGCGCGGCCGCGAAAGTGCAATACCCCAAATTGTCCACTAGGGGGCACTATTGCCCCATAAAGGCGCTATAGCGCCCCCTAGTGGCCGAATTGGGAAAATCGAGCCCGGGG	AGCAGGGGGCGC	+
5615_16476_12.2069_12.1584	MA0068.1	-7	0.000323047	0.326601	0.108867	30	CCGCGCGGCCGCGAAAGTGCAATACCCCAAATTGTCCACTAGGGGGCACTATTGCCCCATAAAGGCGCTATAGCGCCCCCTAGTGGCCGAATTGGGAAAATCGAGCCCGGGG	GGGGGGGGAGTGGAGTATTGGAAATTTTTC	-

# Tomtom (Motif Comparison Tool): Version 5.1.0 compiled on Oct  9 2020 at 08:11:46
# The format of this file is described at http://meme-suite.org//doc/tomtom-output-format.html.
# tomtom -no-ssc -o result/x5615/x5615.out result/x5615/x5615.meme ../../JASPAR2020.txt
