<!DOCTYPE HTML>
<html>
  <head>
    <meta charset="UTF-8">
    <title>TOMTOM</title>
    <script>
      // @JSON_VAR data
      var data = {
        "program": "Tomtom",
        "version": "5.1.0",
        "release": "Fri Oct 11 15:53:28 2019 -0700",
        "cmd": ["tomtom", "ppm.meme", "../JASPAR2020.txt"],
        "options": {
          "strands": "both",
          "distance_measure": "ed",
          "threshold_type": "qvalue",
          "threshold_value": 0.5,
          "background_source": "--query--"
        },
        "alphabet": {
          "name": "DNA",
          "like": "dna",
          "ncore": 4,
          "symbols": [
            {
              "symbol": "A",
              "name": "Adenine",
              "colour": "CC0000",
              "complement": "T"
            }, {
              "symbol": "C",
              "name": "Cytosine",
              "colour": "0000CC",
              "complement": "G"
            }, {
              "symbol": "G",
              "name": "Guanine",
              "colour": "FFB300",
              "complement": "C"
            }, {
              "symbol": "T",
              "aliases": "U",
              "name": "Thymine",
              "colour": "008000",
              "complement": "A"
            }, {
              "symbol": "N",
              "aliases": "X.",
              "name": "Any base",
              "equals": "ACGT"
            }, {
              "symbol": "V",
              "name": "Not T",
              "equals": "ACG"
            }, {
              "symbol": "H",
              "name": "Not G",
              "equals": "ACT"
            }, {
              "symbol": "D",
              "name": "Not C",
              "equals": "AGT"
            }, {
              "symbol": "B",
              "name": "Not A",
              "equals": "CGT"
            }, {
              "symbol": "M",
              "name": "Amino",
              "equals": "AC"
            }, {
              "symbol": "R",
              "name": "Purine",
              "equals": "AG"
            }, {
              "symbol": "W",
              "name": "Weak",
              "equals": "AT"
            }, {
              "symbol": "S",
              "name": "Strong",
              "equals": "CG"
            }, {
              "symbol": "Y",
              "name": "Pyrimidine",
              "equals": "CT"
            }, {
              "symbol": "K",
              "name": "Keto",
              "equals": "GT"
            }
          ]
        },
        "background": [0.25, 0.25, 0.25, 0.25],
        "query_dbs": [
          {
            "source": "ppm.meme",
            "name": "ppm",
            "loaded": 256,
            "excluded": 0,
            "last_modified": "Fri Jan 29 17:31:37 2021"
          }
        ],
        "target_dbs": [
          {
            "source": "../JASPAR2020.txt",
            "name": "JASPAR2020.txt",
            "loaded": 1011,
            "excluded": 0,
            "last_modified": "Fri Jan 29 17:26:37 2021"
          }
        ],
        "queries": [
          {
            "db": 0,
            "id": "0000_17001_5.1909_5.1280",
            "len": 14,
            "nsites": 998,
            "pwm": [
              [0.576119, 0.0330877, 0.24449, 0.146303], 
              [0.661282, 0.0360934, 0.0471143, 0.25551], 
              [0.605174, 0.211427, 0.118249, 0.0651485], 
              [0.267533, 0.24449, 0.153317, 0.334661], 
              [0.289575, 0.0521238, 0.44487, 0.213431], 
              [0.0742406, 0.0441526, 0.108339, 0.773268], 
              [0.0340896, 0.0210649, 0.794534, 0.150311], 
              [0.905746, 0.0290801, 0.0521238, 0.0130497], 
              [0.0471143, 0.0320858, 0.0160554, 0.904744], 
              [0.0421048, 0.00904214, 0.932798, 0.0160554], 
              [0.79754, 0.106226, 0.0811789, 0.0150535], 
              [0.0230687, 0.648257, 0.0290801, 0.299594], 
              [0.325317, 0.0891051, 0.409393, 0.176183], 
              [0.371731, 0.0441086, 0.562093, 0.0220668]
            ]
          }, {
            "db": 0,
            "id": "0001_15412_5.3331_5.1573",
            "len": 14,
            "nsites": 998,
            "pwm": [
              [0.576119, 0.0240706, 0.198402, 0.201408], 
              [0.754704, 0.080097, 0.0510709, 0.114128], 
              [0.290577, 0.17636, 0.0551295, 0.477933], 
              [0.215434, 0.117247, 0.641244, 0.0260744], 
              [0.0541276, 0.0471143, 0.0421048, 0.856652], 
              [0.121134, 0.00502955, 0.639601, 0.234236], 
              [0.895831, 0.010034, 0.020043, 0.0740916], 
              [0.00603645, 0.0781732, 0.0380972, 0.877693], 
              [0.0431497, 0.0230917, 0.892614, 0.0411439], 
              [0.868675, 0.0160554, 0.0992131, 0.0160554], 
              [0.0441086, 0.624211, 0.224452, 0.107228], 
              [0.0841846, 0.114242, 0.0751675, 0.726405], 
              [0.345681, 0.236474, 0.376741, 0.0411029], 
              [0.479937, 0.0210649, 0.455891, 0.0431067]
            ]
          }, {
            "db": 0,
            "id": "0002_20422_5.3265_5.3265",
            "len": 14,
            "nsites": 998,
            "pwm": [
              [0.141152, 0.477454, 0.192198, 0.189195], 
              [0.494965, 0.164338, 0.177362, 0.163336], 
              [0.21844, 0.203412, 0.0741656, 0.503983], 
              [0.0210439, 0.0720898, 0.243244, 0.663623], 
              [0.0360934, 0.793533, 0.080177, 0.090196], 
              [0.0982112, 0.0170573, 0.438859, 0.445872], 
              [0.0170403, 0.77172, 0.00703135, 0.204209], 
              [0.155475, 0.00804824, 0.75321, 0.0832667], 
              [0.179366, 0.0160554, 0.0491181, 0.75546], 
              [0.625213, 0.0992131, 0.0350915, 0.240482], 
              [0.675308, 0.130273, 0.0270763, 0.167343], 
              [0.234236, 0.124137, 0.491467, 0.15016], 
              [0.117247, 0.13929, 0.732417, 0.0110459], 
              [0.26052, 0.133279, 0.556081, 0.05012]
            ]
          }, {
            "db": 0,
            "id": "0003_13699_5.7097_5.4406",
            "len": 14,
            "nsites": 998,
            "pwm": [
              [0.188572, 0.444314, 0.17052, 0.196595], 
              [0.298592, 0.451884, 0.125263, 0.124261], 
              [0.102219, 0.111236, 0.161332, 0.625213], 
              [0.164338, 0.356702, 0.0831827, 0.395777], 
              [0.0280502, 0.0660844, 0.592559, 0.313307], 
              [0.0411029, 0.849639, 0.0180592, 0.0911979], 
              [0.0130497, 0.010044, 0.957845, 0.0190611], 
              [0.0350915, 0.106226, 0.0160554, 0.842626], 
              [0.787521, 0.0431067, 0.0671523, 0.102219], 
              [0.831436, 0.0210859, 0.0130627, 0.134415], 
              [0.0851865, 0.0631447, 0.0571333, 0.794534], 
              [0.140292, 0.526024, 0.305605, 0.0280782], 
              [0.447876, 0.0511219, 0.493964, 0.00703834], 
              [0.102219, 0.199404, 0.590146, 0.10823]
            ]
          }, {
            "db": 0,
            "id": "0004_22824_5.7344_5.6854",
            "len": 14,
            "nsites": 998,
            "pwm": [
              [0.388374, 0.142153, 0.211215, 0.258257], 
              [0.26052, 0.253507, 0.34468, 0.141294], 
              [0.040101, 0.0661504, 0.0140516, 0.879697], 
              [0.0190421, 0.0180412, 0.180187, 0.78273], 
              [0.0360934, 0.119251, 0.824591, 0.020063], 
              [0.0361294, 0.104328, 0.801349, 0.0581942], 
              [0.73869, 0.252252, 0.00302775, 0.00603045], 
              [0.0380972, 0.0871903, 0.00503455, 0.869677], 
              [0.040101, 0.775498, 0.141294, 0.0431067], 
              [0.731415, 0.0250725, 0.198402, 0.0451105], 
              [0.0712319, 0.171523, 0.480418, 0.276827], 
              [0.460901, 0.080177, 0.143298, 0.315624], 
              [0.0441086, 0.116245, 0.231465, 0.60818], 
              [0.135282, 0.565098, 0.0942036, 0.205415]
            ]
          }, {
            "db": 0,
            "id": "0005_26169_4.9233_4.6520",
            "len": 14,
            "nsites": 998,
            "pwm": [
              [0.337328, 0.218221, 0.359348, 0.0851015], 
              [0.0421048, 0.127267, 0.0491181, 0.78151], 
              [0.0250725, 0.0260744, 0.0661504, 0.882703], 
              [0.0420628, 0.0230457, 0.812757, 0.122135], 
              [0.0531787, 0.137423, 0.717104, 0.0922928], 
              [0.31731, 0.586553, 0.0420628, 0.0540736], 
              [0.499473, 0.0491671, 0.0321178, 0.419241], 
              [0.473451, 0.298293, 0.00603045, 0.222225], 
              [0.316626, 0.0711599, 0.200406, 0.411808], 
              [0.121255, 0.378745, 0.425834, 0.0741656], 
              [0.193393, 0.0811789, 0.168345, 0.557083], 
              [0.10823, 0.0481162, 0.310615, 0.533038], 
              [0.130273, 0.351693, 0.179366, 0.338668], 
              [0.142296, 0.44487, 0.133279, 0.279556]
            ]
          }, {
            "db": 0,
            "id": "0006_30465_4.8517_3.4082",
            "len": 14,
            "nsites": 998,
            "pwm": [
              [0.495967, 0.0771713, 0.387762, 0.0390991], 
              [0.245737, 0.172526, 0.147452, 0.434285], 
              [0.0721618, 0.191389, 0.497971, 0.238478], 
              [0.559087, 0.0731637, 0.233469, 0.134281], 
              [0.541596, 0.0240946, 0.155475, 0.278834], 
              [0.312306, 0.0981132, 0.0280502, 0.561531], 
              [0.0421048, 0.352695, 0.00804024, 0.597159], 
              [0.552523, 0.00903314, 0.287283, 0.151161], 
              [0.152315, 0.558085, 0.0431067, 0.246493], 
              [0.703362, 0.15532, 0.0731637, 0.0681542], 
              [0.0911979, 0.658276, 0.111236, 0.13929], 
              [0.568104, 0.234471, 0.119251, 0.0781732], 
              [0.222225, 0.219222, 0.267265, 0.291287], 
              [0.464908, 0.0621428, 0.337666, 0.135282]
            ]
          }, {
            "db": 0,
            "id": "0007_30704_5.6962_5.3756",
            "len": 14,
            "nsites": 998,
            "pwm": [
              [0.546517, 0.152162, 0.246246, 0.0550745], 
              [0.352695, 0.171351, 0.308611, 0.167343], 
              [0.0361294, 0.159487, 0.141435, 0.662948], 
              [0.128269, 0.0310839, 0.720394, 0.120253], 
              [0.836451, 0.0612029, 0.0561884, 0.0461584], 
              [0.114242, 0.0731637, 0.0631447, 0.749449], 
              [0.240241, 0.0440646, 0.0370583, 0.678636], 
              [0.36071, 0.439861, 0.0150535, 0.184376], 
              [0.833776, 0.0140376, 0.135147, 0.0170403], 
              [0.0340896, 0.368725, 0.0421048, 0.555079], 
              [0.588142, 0.270539, 0.104223, 0.0370953], 
              [0.109232, 0.478935, 0.319632, 0.0921998], 
              [0.365353, 0.127139, 0.221224, 0.286282], 
              [0.456893, 0.103221, 0.322638, 0.117247]
            ]
          }, {
            "db": 0,
            "id": "0008_17930_4.6695_4.6526",
            "len": 14,
            "nsites": 998,
            "pwm": [
              [0.140292, 0.517007, 0.227457, 0.115244], 
              [0.020063, 0.827597, 0.0310839, 0.121255], 
              [0.131275, 0.670299, 0.138288, 0.060139], 
              [0.0441526, 0.218659, 0.180549, 0.556639], 
              [0.18137, 0.558085, 0.0591371, 0.201408], 
              [0.382753, 0.00202885, 0.0170573, 0.598161], 
              [0.622586, 0.0190421, 0.0270493, 0.331323], 
              [0.0531257, 0.0451105, 0.851643, 0.05012], 
              [0.0260744, 0.187381, 0.0270763, 0.759468], 
              [0.0160554, 0.0310839, 0.895727, 0.0571333], 
              [0.120253, 0.150311, 0.699354, 0.030082], 
              [0.010044, 0.693343, 0.0671523, 0.229461], 
              [0.0290801, 0.482943, 0.442867, 0.0451105], 
              [0.365719, 0.0641466, 0.549068, 0.0210649]
            ]
          }, {
            "db": 0,
            "id": "0009_25184_4.5852_4.5702",
            "len": 14,
            "nsites": 998,
            "pwm": [
              [0.0740916, 0.56053, 0.181188, 0.184191], 
              [0.0581352, 0.799544, 0.0811789, 0.0611409], 
              [0.0280782, 0.596157, 0.0641466, 0.311617], 
              [0.225453, 0.547064, 0.0661504, 0.161332], 
              [0.111236, 0.0220668, 0.0481162, 0.81858], 
              [0.703362, 0.0651485, 0.0621428, 0.169347], 
              [0.347685, 0.0270763, 0.453888, 0.171351], 
              [0.040101, 0.0491181, 0.0160554, 0.894725], 
              [0.0240466, 0.0180412, 0.84979, 0.108122], 
              [0.338668, 0.322638, 0.137286, 0.201408], 
              [0.00303075, 0.721396, 0.133279, 0.142296], 
              [0.0370953, 0.551072, 0.39177, 0.020063], 
              [0.305912, 0.118368, 0.550622, 0.0250975], 
              [0.143154, 0.319312, 0.434416, 0.103118]
            ]
          }, {
            "db": 0,
            "id": "0010_45273_4.3075_3.0778",
            "len": 14,
            "nsites": 998,
            "pwm": [
              [0.230232, 0.115129, 0.236237, 0.418401], 
              [0.266531, 0.080177, 0.371731, 0.28156], 
              [0.0862754, 0.305912, 0.384139, 0.223674], 
              [0.143298, 0.102219, 0.508992, 0.245491], 
              [0.477933, 0.109232, 0.381751, 0.0310839], 
              [0.0220668, 0.83962, 0.070158, 0.0681542], 
              [0.0431067, 0.13929, 0.793533, 0.0240706], 
              [0.0280782, 0.483945, 0.0310839, 0.456893], 
              [0.385371, 0.537509, 0.00402865, 0.0730907], 
              [0.0510709, 0.423406, 0.0650835, 0.460439], 
              [0.772265, 0.0250975, 0.0842696, 0.118368], 
              [0.146156, 0.146156, 0.184191, 0.523497], 
              [0.327647, 0.0170573, 0.396779, 0.258516], 
              [0.175358, 0.030082, 0.442867, 0.351693]
            ]
          }, {
            "db": 0,
            "id": "0011_42149_5.3373_5.2520",
            "len": 14,
            "nsites": 998,
            "pwm": [
              [0.373361, 0.101116, 0.215218, 0.310304], 
              [0.0610799, 0.191197, 0.0790961, 0.668627], 
              [0.205415, 0.0531257, 0.645251, 0.0962074], 
              [0.170178, 0.0841006, 0.718672, 0.0270493], 
              [0.0451555, 0.797337, 0.0571913, 0.100316], 
              [0.179546, 0.0341236, 0.745186, 0.0411439], 
              [0.0160554, 0.772493, 0.0831827, 0.128269], 
              [0.0440646, 0.855795, 0.0590781, 0.0410619], 
              [0.0720898, 0.755705, 0.0210439, 0.151161], 
              [0.646253, 0.0521238, 0.0210649, 0.280558], 
              [0.213431, 0.133279, 0.0641466, 0.589144], 
              [0.527026, 0.0290801, 0.149309, 0.294585], 
              [0.149309, 0.0230687, 0.459899, 0.367723], 
              [0.223674, 0.0642116, 0.50148, 0.210636]
            ]
          }, {
            "db": 0,
            "id": "0012_32462_5.4095_5.3342",
            "len": 14,
            "nsites": 998,
            "pwm": [
              [0.536508, 0.130142, 0.222225, 0.111125], 
              [0.589144, 0.119251, 0.208421, 0.0831827], 
              [0.38815, 0.163499, 0.178543, 0.269807], 
              [0.0992131, 0.280558, 0.204414, 0.415815], 
              [0.020063, 0.695346, 0.0982112, 0.186379], 
              [0.261522, 0.128269, 0.294585, 0.315624], 
              [0.643248, 0.010044, 0.179366, 0.167343], 
              [0.880699, 0.0140516, 0.0180592, 0.0871903], 
              [0.188383, 0.00603645, 0.00102695, 0.804553], 
              [0.210425, 0.0531257, 0.0330877, 0.703362], 
              [0.46591, 0.100215, 0.243488, 0.190387], 
              [0.255766, 0.147452, 0.537584, 0.0591971], 
              [0.132277, 0.284566, 0.277552, 0.305605], 
              [0.3026, 0.220444, 0.24449, 0.232467]
            ]
          }, {
            "db": 0,
            "id": "0013_25973_5.2668_3.4370",
            "len": 14,
            "nsites": 998,
            "pwm": [
              [0.564097, 0.118249, 0.226455, 0.0911979], 
              [0.611186, 0.0781732, 0.226455, 0.0841846], 
              [0.467914, 0.115244, 0.141294, 0.275548], 
              [0.0370953, 0.370729, 0.220444, 0.371731], 
              [0.0341236, 0.799343, 0.0531787, 0.113354], 
              [0.150311, 0.0471143, 0.643248, 0.159328], 
              [0.811567, 0.0170573, 0.0851865, 0.0861884], 
              [0.448878, 0.0150535, 0.00904214, 0.527026], 
              [0.691029, 0.00704534, 0.00102795, 0.300898], 
              [0.241484, 0.0451105, 0.0511219, 0.662284], 
              [0.332657, 0.164338, 0.31863, 0.184376], 
              [0.264793, 0.237714, 0.408209, 0.0892841], 
              [0.147305, 0.266531, 0.333659, 0.252505], 
              [0.283564, 0.192391, 0.279556, 0.24449]
            ]
          }, {
            "db": 0,
            "id": "0014_15674_4.6279_4.5488",
            "len": 14,
            "nsites": 998,
            "pwm": [
              [0.0881922, 0.508992, 0.0561314, 0.346683], 
              [0.0270493, 0.340331, 0.0760934, 0.556526], 
              [0.0731637, 0.126265, 0.556081, 0.24449], 
              [0.123259, 0.0621428, 0.799544, 0.0150535], 
              [0.182189, 0.704659, 0.0480682, 0.0650835], 
              [0.203412, 0.262524, 0.020063, 0.514002], 
              [0.010054, 0.139429, 0.427264, 0.423253], 
              [0.381751, 0.0451105, 0.551072, 0.0220668], 
              [0.00302775, 0.678636, 0.223226, 0.0951105], 
              [0.0620808, 0.479456, 0.0620808, 0.396381], 
              [0.586726, 0.151464, 0.229691, 0.0321178], 
              [0.795331, 0.0662174, 0.131406, 0.00704534], 
              [0.166341, 0.497971, 0.192391, 0.143298], 
              [0.0921078, 0.677635, 0.116129, 0.114128]
            ]
          }, {
            "db": 0,
            "id": "0015_16356_5.4337_5.1239",
            "len": 14,
            "nsites": 998,
            "pwm": [
              [0.111348, 0.464372, 0.0692261, 0.355054], 
              [0.0190611, 0.477933, 0.0891941, 0.413812], 
              [0.0751675, 0.0340896, 0.732417, 0.158326], 
              [0.455891, 0.115244, 0.4078, 0.0210649], 
              [0.0461584, 0.720113, 0.0852725, 0.148455], 
              [0.0420628, 0.282279, 0.0450655, 0.630593], 
              [0.869808, 0.00903314, 0.108122, 0.0130367], 
              [0.0480682, 0.123136, 0.664623, 0.164173], 
              [0.00804024, 0.350691, 0.258516, 0.382753], 
              [0.0751675, 0.742436, 0.0220668, 0.16033], 
              [0.752455, 0.0220668, 0.214433, 0.0110459], 
              [0.49447, 0.0951105, 0.362351, 0.0480682], 
              [0.161332, 0.606176, 0.0992131, 0.133279], 
              [0.150311, 0.607178, 0.115244, 0.127267]
            ]
          }, {
            "db": 0,
            "id": "0016_22688_4.9717_4.5827",
            "len": 14,
            "nsites": 998,
            "pwm": [
              [0.270539, 0.165339, 0.454889, 0.109232], 
              [0.182372, 0.203412, 0.371731, 0.242486], 
              [0.0982112, 0.241484, 0.152315, 0.50799], 
              [0.557083, 0.1974, 0.0451105, 0.200406], 
              [0.580548, 0.0720898, 0.169177, 0.178185], 
              [0.448878, 0.00804024, 0.0511219, 0.49196], 
              [0.227457, 0.0250725, 0.172353, 0.575117], 
              [0.0270763, 0.764477, 0.010044, 0.198402], 
              [0.00202885, 0.770489, 0.0621428, 0.165339], 
              [0.0521758, 0.010054, 0.840463, 0.0973073], 
              [0.435853, 0.381751, 0.148307, 0.0340896], 
              [0.410394, 0.136147, 0.314308, 0.13915], 
              [0.493964, 0.0791751, 0.0541276, 0.372733], 
              [0.210425, 0.1974, 0.1974, 0.394775]
            ]
          }, {
            "db": 0,
            "id": "0017_30188_5.6949_5.6754",
            "len": 14,
            "nsites": 998,
            "pwm": [
              [0.271269, 0.187193, 0.382369, 0.159168], 
              [0.258775, 0.180549, 0.424256, 0.13642], 
              [0.0441526, 0.301901, 0.142438, 0.511509], 
              [0.515003, 0.115244, 0.0481162, 0.321636], 
              [0.815574, 0.0611409, 0.0380972, 0.0851865], 
              [0.649259, 0.00603645, 0.17636, 0.168345], 
              [0.143298, 0.0360934, 0.0260744, 0.794534], 
              [0.0962074, 0.0441086, 0.0350915, 0.824591], 
              [0.0130627, 0.653922, 0.0571913, 0.275824], 
              [0.0160554, 0.843628, 0.0240706, 0.116245], 
              [0.135282, 0.0541276, 0.805555, 0.00503455], 
              [0.196201, 0.263262, 0.497472, 0.0430637], 
              [0.221446, 0.134281, 0.0390991, 0.605174], 
              [0.483945, 0.11324, 0.118249, 0.284566]
            ]
          }, {
            "db": 0,
            "id": "0018_22446_4.8290_4.2516",
            "len": 14,
            "nsites": 998,
            "pwm": [
              [0.25551, 0.11324, 0.528028, 0.103221], 
              [0.243244, 0.210214, 0.455434, 0.0911069], 
              [0.296588, 0.387762, 0.0821808, 0.233469], 
              [0.104223, 0.167343, 0.212429, 0.516005], 
              [0.634866, 0.0180772, 0.227685, 0.119371], 
              [0.576697, 0.0862754, 0.090287, 0.24674], 
              [0.438419, 0.462441, 0.0330547, 0.0660844], 
              [0.0591371, 0.0360934, 0.885708, 0.0190611], 
              [0.0190421, 0.111125, 0.0430637, 0.826769], 
              [0.626215, 0.331655, 0.0130497, 0.0290801], 
              [0.235472, 0.594154, 0.105225, 0.0651485], 
              [0.518009, 0.111236, 0.185377, 0.185377], 
              [0.320956, 0.0421468, 0.544604, 0.0922928], 
              [0.158326, 0.0270763, 0.774496, 0.040101]
            ]
          }, {
            "db": 0,
            "id": "0019_39284_5.0243_3.2011",
            "len": 14,
            "nsites": 998,
            "pwm": [
              [0.234471, 0.0911979, 0.624211, 0.05012], 
              [0.360069, 0.276827, 0.262787, 0.100316], 
              [0.0751675, 0.496969, 0.070158, 0.357704], 
              [0.267533, 0.0491181, 0.441865, 0.241484], 
              [0.576119, 0.0230687, 0.112238, 0.288573], 
              [0.421827, 0.338668, 0.117247, 0.122257], 
              [0.0892841, 0.0291091, 0.803355, 0.0782522], 
              [0.0210439, 0.156165, 0.0150385, 0.807752], 
              [0.264528, 0.503983, 0.114242, 0.117247], 
              [0.424832, 0.476931, 0.0671523, 0.0310839], 
              [0.314308, 0.333325, 0.118131, 0.234236], 
              [0.41281, 0.0821808, 0.271541, 0.233469], 
              [0.269537, 0.0270763, 0.632227, 0.0711599], 
              [0.196201, 0.124137, 0.583551, 0.0961114]
            ]
          }, {
            "db": 0,
            "id": "0020_20843_3.8042_3.7202",
            "len": 14,
            "nsites": 998,
            "pwm": [
              [0.150311, 0.400787, 0.0561314, 0.392772], 
              [0.257514, 0.392772, 0.0481162, 0.301598], 
              [0.330653, 0.191389, 0.0681542, 0.409804], 
              [0.373107, 0.145446, 0.284852, 0.196595], 
              [0.229461, 0.0170573, 0.445872, 0.307609], 
              [0.654924, 0.124386, 0.187569, 0.0331207], 
              [0.0932017, 0.817578, 0.0531257, 0.0360934], 
              [0.0260744, 0.848637, 0.100215, 0.0250725], 
              [0.0681542, 0.80255, 0.101217, 0.0280782], 
              [2.50476e-05, 0.935738, 0.0271033, 0.0371323], 
              [0.245737, 0.27081, 0.457351, 0.0261004], 
              [0.109232, 0.599163, 0.182372, 0.109232], 
              [0.25025, 0.202207, 0.396381, 0.151161], 
              [0.0992131, 0.368725, 0.0611409, 0.47092]
            ]
          }, {
            "db": 0,
            "id": "0021_24028_3.6874_2.9962",
            "len": 14,
            "nsites": 998,
            "pwm": [
              [0.124261, 0.425834, 0.0661504, 0.383755], 
              [0.278554, 0.359708, 0.0491181, 0.312619], 
              [0.307918, 0.24674, 0.0762464, 0.369095], 
              [0.34468, 0.122257, 0.308611, 0.224452], 
              [0.216436, 0.0681542, 0.32364, 0.39177], 
              [0.669297, 0.0380972, 0.184376, 0.10823], 
              [0.287571, 0.503983, 0.194395, 0.0140516], 
              [0.030082, 0.741434, 0.13929, 0.0891941], 
              [0.00402865, 0.546517, 0.357346, 0.0921078], 
              [0.148307, 0.235472, 0.475929, 0.140292], 
              [0.00903314, 0.957887, 0.010034, 0.0230457], 
              [0.152467, 0.0662174, 0.773268, 0.00804824], 
              [0.090196, 0.379747, 0.0962074, 0.43385], 
              [0.0731637, 0.519011, 0.107228, 0.300596]
            ]
          }, {
            "db": 0,
            "id": "0022_22009_4.7147_4.3566",
            "len": 14,
            "nsites": 998,
            "pwm": [
              [0.285567, 0.190387, 0.373735, 0.150311], 
              [0.283564, 0.21844, 0.382753, 0.115244], 
              [0.227229, 0.534506, 0.177184, 0.0610799], 
              [0.0681542, 0.196398, 0.0250725, 0.710375], 
              [0.0820988, 0.0360574, 0.371359, 0.510485], 
              [0.0290801, 0.00703834, 0.567102, 0.396779], 
              [0.0561884, 0.0321178, 0.619823, 0.291872], 
              [0.104328, 0.73616, 0.00704534, 0.152467], 
              [0.492453, 0.020083, 0.0942986, 0.393166], 
              [0.516005, 0.432848, 0.0250725, 0.0260744], 
              [0.872683, 0.0150535, 0.0671523, 0.0451105], 
              [0.425258, 0.0812609, 0.197598, 0.295883], 
              [0.39438, 0.0340556, 0.529502, 0.0420628], 
              [0.405796, 0.162334, 0.38676, 0.0451105]
            ]
          }, {
            "db": 0,
            "id": "0023_18334_4.6976_4.6029",
            "len": 14,
            "nsites": 998,
            "pwm": [
              [0.226455, 0.200406, 0.438859, 0.134281], 
              [0.262261, 0.134146, 0.509484, 0.0941096], 
              [0.102322, 0.652919, 0.138426, 0.106333], 
              [0.477933, 0.167343, 0.080177, 0.274547], 
              [0.0230687, 0.0190611, 0.178364, 0.779506], 
              [0.106226, 0.0160554, 0.838618, 0.0390991], 
              [0.0662174, 0.103325, 0.0180772, 0.812381], 
              [0.207211, 0.0230457, 0.213217, 0.556526], 
              [0.114242, 0.73943, 0.0170573, 0.129271], 
              [0.662284, 0.0721618, 0.169347, 0.0962074], 
              [0.69365, 0.107121, 0.0760934, 0.123136], 
              [0.721675, 0.060079, 0.159168, 0.0590781], 
              [0.466444, 0.0690871, 0.353343, 0.111125], 
              [0.456893, 0.0741656, 0.420825, 0.0481162]
            ]
          }, {
            "db": 0,
            "id": "0024_18861_4.4210_4.1110",
            "len": 14,
            "nsites": 998,
            "pwm": [
              [0.195396, 0.303602, 0.205415, 0.295586], 
              [0.320634, 0.39177, 0.0641466, 0.22345], 
              [0.0491671, 0.610796, 0.0140656, 0.32597], 
              [0.0320858, 0.403793, 0.145301, 0.418821], 
              [0.0612029, 0.131406, 0.53959, 0.267801], 
              [0.0471143, 0.333659, 0.535041, 0.0841846], 
              [0.040101, 0.00503455, 0.937807, 0.0170573], 
              [0.0832667, 0.599764, 0.285854, 0.0311149], 
              [0.120374, 0.704067, 0.0391381, 0.13642], 
              [0.644895, 0.218659, 0.0361294, 0.100316], 
              [0.788523, 0.00703834, 0.171351, 0.0330877], 
              [0.419823, 0.0180592, 0.495967, 0.0661504], 
              [0.127267, 0.120253, 0.370729, 0.381751], 
              [0.080177, 0.194395, 0.402791, 0.322638]
            ]
          }, {
            "db": 0,
            "id": "0025_19560_4.2481_3.6513",
            "len": 14,
            "nsites": 998,
            "pwm": [
              [0.314308, 0.234236, 0.13915, 0.312306], 
              [0.381751, 0.388764, 0.0571333, 0.172353], 
              [0.0270763, 0.567102, 0.0160554, 0.389766], 
              [0.020063, 0.151313, 0.207419, 0.621205], 
              [0.0521238, 0.0881922, 0.804553, 0.0551295], 
              [0.0411029, 0.21844, 0.715384, 0.0250725], 
              [0.0740916, 0.842784, 0.00302775, 0.080097], 
              [0.524021, 0.315624, 0.125263, 0.0350915], 
              [0.475929, 0.329651, 0.11324, 0.0811789], 
              [0.691648, 0.0941096, 0.0640826, 0.15016], 
              [0.482943, 0.0320858, 0.393774, 0.0911979], 
              [0.378745, 0.0120478, 0.533038, 0.0761694], 
              [0.108122, 0.114128, 0.563533, 0.214218], 
              [0.0722348, 0.431276, 0.15347, 0.34302]
            ]
          }, {
            "db": 0,
            "id": "0026_26709_5.6152_5.6152",
            "len": 14,
            "nsites": 998,
            "pwm": [
              [0.213645, 0.143441, 0.174532, 0.468383], 
              [0.0541816, 0.479415, 0.0632087, 0.403195], 
              [0.0520718, 0.765714, 0.0440646, 0.138149], 
              [0.49196, 0.106226, 0.1443, 0.257514], 
              [0.774722, 0.0931087, 0.0650835, 0.0670853], 
              [0.0921998, 0.295586, 0.107228, 0.504984], 
              [0.0340896, 0.24449, 0.65527, 0.0661504], 
              [0.0371323, 0.0261004, 0.920695, 0.0160714], 
              [0.0380592, 0.0130367, 0.909844, 0.0390601], 
              [0.88671, 0.0250725, 0.030082, 0.0581352], 
              [0.416817, 0.00804024, 0.0360934, 0.539049], 
              [0.293583, 0.020063, 0.421827, 0.264528], 
              [0.459899, 0.0761694, 0.233469, 0.230463], 
              [0.352695, 0.0591371, 0.429842, 0.158326]
            ]
          }, {
            "db": 0,
            "id": "0027_25824_5.4496_4.8489",
            "len": 14,
            "nsites": 998,
            "pwm": [
              [0.16117, 0.179186, 0.109123, 0.550521], 
              [0.0470673, 0.589556, 0.0460664, 0.31731], 
              [0.117247, 0.644249, 0.0992131, 0.13929], 
              [0.584135, 0.0731637, 0.0521238, 0.290577], 
              [0.573114, 0.146303, 0.100215, 0.180368], 
              [0.150311, 0.235472, 0.179366, 0.434851], 
              [0.0170743, 0.0551845, 0.919692, 0.00804824], 
              [0.0160554, 0.0140516, 0.930794, 0.0390991], 
              [0.730683, 0.0540736, 0.0550745, 0.160169], 
              [0.518009, 0.102219, 0.0180592, 0.361712], 
              [0.370729, 0.00804024, 0.205415, 0.415815], 
              [0.233469, 0.0711599, 0.252505, 0.442867], 
              [0.36071, 0.0932017, 0.321636, 0.224452], 
              [0.351043, 0.0622058, 0.38113, 0.205621]
            ]
          }, {
            "db": 0,
            "id": "0028_23859_5.5378_5.3288",
            "len": 14,
            "nsites": 998,
            "pwm": [
              [0.47092, 0.126265, 0.251503, 0.151313], 
              [0.208212, 0.0480682, 0.112126, 0.631594], 
              [0.070158, 0.0130497, 0.369727, 0.547064], 
              [0.622586, 0.0150385, 0.22823, 0.134146], 
              [0.184376, 0.740432, 0.0360934, 0.0390991], 
              [0.0421048, 0.498973, 0.0721618, 0.38676], 
              [0.103118, 0.64961, 0.0450655, 0.202207], 
              [0.773268, 0.0281062, 0.13642, 0.0622058], 
              [0.188572, 0.538587, 0.204619, 0.0682232], 
              [0.172353, 0.0691561, 0.58714, 0.171351], 
              [0.111236, 0.146303, 0.251503, 0.490958], 
              [0.0591971, 0.0441526, 0.86353, 0.0331207], 
              [0.110345, 0.145446, 0.639881, 0.104328], 
              [0.1294, 0.332991, 0.188572, 0.349037]
            ]
          }, {
            "db": 0,
            "id": "0029_17192_6.1640_6.1150",
            "len": 14,
            "nsites": 998,
            "pwm": [
              [0.320634, 0.162334, 0.224452, 0.292581], 
              [0.581129, 0.0451105, 0.242486, 0.131275], 
              [0.0411029, 0.0230687, 0.0691561, 0.866671], 
              [0.0791751, 0.020063, 0.546062, 0.354699], 
              [0.808561, 0.132277, 0.0310839, 0.0280782], 
              [0.00904214, 0.83962, 0.10823, 0.0431067], 
              [0.0441086, 0.0611409, 0.146303, 0.748447], 
              [0.212642, 0.737163, 0.010054, 0.040141], 
              [0.713381, 0.0591371, 0.219442, 0.00804024], 
              [0.0591371, 0.208421, 0.210425, 0.522017], 
              [0.100215, 0.170349, 0.624211, 0.105225], 
              [0.150311, 0.0651485, 0.668295, 0.116245], 
              [0.217438, 0.127267, 0.533038, 0.122257], 
              [0.10823, 0.382753, 0.17636, 0.332657]
            ]
          }, {
            "db": 0,
            "id": "0030_28043_4.4973_4.4767",
            "len": 14,
            "nsites": 998,
            "pwm": [
              [0.38113, 0.181552, 0.331988, 0.10533], 
              [0.543057, 0.090196, 0.283564, 0.0831827], 
              [0.612188, 0.228459, 0.0731637, 0.0861884], 
              [0.557642, 0.165504, 0.111348, 0.165504], 
              [0.301598, 0.0531257, 0.0631447, 0.582131], 
              [0.0270493, 0.0170403, 0.946877, 0.00903314], 
              [0.603776, 0.241726, 0.13642, 0.0180772], 
              [0.162334, 0.0360934, 0.546062, 0.25551], 
              [0.0290801, 0.0370953, 0.235472, 0.698352], 
              [0.292581, 0.603171, 0.0330877, 0.0711599], 
              [0.70236, 0.0911979, 0.138288, 0.0681542], 
              [0.0451555, 0.338005, 0.030112, 0.586726], 
              [0.104119, 0.490466, 0.0490691, 0.356345], 
              [0.368356, 0.23924, 0.292288, 0.100115]
            ]
          }, {
            "db": 0,
            "id": "0031_29546_4.5019_3.9953",
            "len": 14,
            "nsites": 998,
            "pwm": [
              [0.456435, 0.101116, 0.371359, 0.0710889], 
              [0.668627, 0.112126, 0.160169, 0.0590781], 
              [0.688333, 0.145301, 0.0982112, 0.0681542], 
              [0.0871903, 0.21844, 0.0290801, 0.665289], 
              [0.114242, 0.0210649, 0.845631, 0.0190611], 
              [0.845477, 0.070229, 0.0742406, 0.010054], 
              [0.0651485, 0.131275, 0.785517, 0.0180592], 
              [0.0390991, 0.0481162, 0.431846, 0.480939], 
              [0.221446, 0.434851, 0.0661504, 0.277552], 
              [0.462905, 0.110234, 0.358706, 0.0681542], 
              [0.277274, 0.413397, 0.109123, 0.200205], 
              [0.0751675, 0.379747, 0.0190611, 0.526024], 
              [0.16033, 0.370729, 0.179366, 0.289575], 
              [0.307609, 0.272543, 0.235472, 0.184376]
            ]
          }, {
            "db": 0,
            "id": "0032_14924_4.7662_4.6924",
            "len": 14,
            "nsites": 998,
            "pwm": [
              [0.070158, 0.273545, 0.121255, 0.535041], 
              [0.112238, 0.424832, 0.153317, 0.309613], 
              [0.559529, 0.020043, 0.363352, 0.0570763], 
              [0.242486, 0.59215, 0.0561314, 0.109232], 
              [0.0321178, 0.890608, 0.05017, 0.0271033], 
              [0.070158, 0.0751675, 0.159328, 0.695346], 
              [0.120253, 0.748447, 0.0270763, 0.104223], 
              [0.0441086, 0.0441086, 0.258516, 0.653267], 
              [0.677635, 0.0350565, 0.223226, 0.0640826], 
              [0.0390991, 0.324642, 0.544059, 0.0921998], 
              [0.267265, 0.121134, 0.207211, 0.404389], 
              [0.05012, 0.0230687, 0.795536, 0.131275], 
              [0.0932017, 0.0350915, 0.820584, 0.0511219], 
              [0.0642116, 0.323965, 0.155475, 0.456348]
            ]
          }, {
            "db": 0,
            "id": "0033_25479_4.6860_3.9722",
            "len": 14,
            "nsites": 998,
            "pwm": [
              [0.103221, 0.320634, 0.150311, 0.425834], 
              [0.136284, 0.254509, 0.242486, 0.366721], 
              [0.365353, 0.0710889, 0.473451, 0.090106], 
              [0.597159, 0.203412, 0.0952055, 0.104223], 
              [0.0441526, 0.734154, 0.0983102, 0.123383], 
              [0.0591371, 0.779506, 0.030082, 0.131275], 
              [0.35034, 0.21722, 0.0230457, 0.409393], 
              [0.395777, 0.0831827, 0.185377, 0.335662], 
              [0.0411029, 0.0761694, 0.595155, 0.287571], 
              [0.124261, 0.123259, 0.633229, 0.119251], 
              [0.0380592, 0.282279, 0.180187, 0.499474], 
              [0.123383, 0.0371323, 0.778282, 0.0612029], 
              [0.0720898, 0.0720898, 0.743695, 0.112126], 
              [0.0871903, 0.309613, 0.213431, 0.389766]
            ]
          }, {
            "db": 0,
            "id": "0034_21908_4.8199_4.3711",
            "len": 14,
            "nsites": 998,
            "pwm": [
              [0.133279, 0.116245, 0.299594, 0.450882], 
              [0.16033, 0.182372, 0.4078, 0.249499], 
              [0.207419, 0.237476, 0.191389, 0.363716], 
              [0.134281, 0.350691, 0.369727, 0.145301], 
              [0.559529, 0.0570763, 0.030052, 0.353343], 
              [0.22345, 0.104223, 0.0110459, 0.661282], 
              [0.0210439, 0.338329, 0.40639, 0.234236], 
              [0.957887, 0.00402865, 0.030052, 0.00803225], 
              [0.0120358, 0.108122, 0.842784, 0.0370583], 
              [0.0963044, 0.125388, 0.606784, 0.171523], 
              [0.242729, 0.141435, 0.0240946, 0.591741], 
              [0.596157, 0.00403265, 0.349689, 0.05012], 
              [0.175358, 0.0230687, 0.437857, 0.363716], 
              [0.0471143, 0.250501, 0.24449, 0.457895]
            ]
          }, {
            "db": 0,
            "id": "0035_25780_5.1495_5.0355",
            "len": 14,
            "nsites": 998,
            "pwm": [
              [0.201408, 0.0821808, 0.384756, 0.331655], 
              [0.132277, 0.145301, 0.324642, 0.397781], 
              [0.187381, 0.246493, 0.475929, 0.090196], 
              [0.648257, 0.0871903, 0.0861884, 0.178364], 
              [0.0971123, 0.0520718, 0.0160394, 0.834776], 
              [0.0620808, 0.191197, 0.301296, 0.445425], 
              [0.897833, 0.0440646, 0.0360574, 0.0220448], 
              [0.0691561, 0.180368, 0.737426, 0.0130497], 
              [0.112126, 0.138149, 0.684641, 0.0650835], 
              [0.116245, 0.243488, 0.0591371, 0.581129], 
              [0.817578, 0.0771713, 0.0591371, 0.0461124], 
              [0.415815, 0.00703834, 0.385758, 0.191389], 
              [0.0881922, 0.0881922, 0.409804, 0.413812], 
              [0.0741656, 0.165339, 0.224452, 0.536043]
            ]
          }, {
            "db": 0,
            "id": "0036_21912_4.7847_4.7847",
            "len": 14,
            "nsites": 998,
            "pwm": [
              [0.296588, 0.127267, 0.451884, 0.124261], 
              [0.231465, 0.489956, 0.206417, 0.0721618], 
              [0.0390991, 0.795536, 0.0451105, 0.120253], 
              [0.168345, 0.262524, 0.330653, 0.238478], 
              [0.17052, 0.315941, 0.291872, 0.221668], 
              [0.127267, 0.0631447, 0.0621428, 0.747445], 
              [0.515003, 0.0571333, 0.0711599, 0.356702], 
              [0.63924, 0.0280782, 0.311617, 0.0210649], 
              [0.0110459, 0.0641466, 0.88671, 0.0380972], 
              [0.0491181, 0.909754, 0.0310839, 0.010044], 
              [0.0170573, 0.104223, 0.86066, 0.0180592], 
              [0.010044, 0.0962074, 0.76047, 0.133279], 
              [0.0511219, 0.364718, 0.0952055, 0.488954], 
              [0.342676, 0.252505, 0.243488, 0.161332]
            ]
          }, {
            "db": 0,
            "id": "0037_21431_4.1527_3.4605",
            "len": 14,
            "nsites": 998,
            "pwm": [
              [0.309613, 0.168345, 0.422829, 0.0992131], 
              [0.227229, 0.398383, 0.292288, 0.0820988], 
              [0.0371323, 0.757221, 0.0782522, 0.127394], 
              [0.0591371, 0.555079, 0.249499, 0.136284], 
              [0.373735, 0.0821808, 0.17636, 0.367723], 
              [0.247247, 0.100115, 0.184191, 0.468446], 
              [0.694038, 0.0381352, 0.0752435, 0.192584], 
              [0.158326, 0.123259, 0.436855, 0.28156], 
              [0.298592, 0.187381, 0.506988, 0.00703834], 
              [0.0150535, 0.0551295, 0.924782, 0.00503455], 
